983.2530931963853 774.0646383533435
897.1709221367759 184.91499055122563
17.66667364996244 645.1746304801952
560.3558166595436 361.9937243218132
186.6561933354317 845.1154333382057
265.16199053506494 75.59454404209265
286.03847397066363 694.3709689259854
157.36498723146264 300.8786802319081
214.81914473075736 25.31522041982337
505.33259887254957 953.7430025495191
336.5504755767097 138.35034932763236
245.41368957445908 289.59872183242675
662.4027446495492 624.382412234497
317.50058357984557 114.60927627040718
237.44910548560415 751.7856279262081
362.20665027442476 701.3853363977258
905.6098885562875 980.2635067331047
598.1709476810521 743.5184467754792
578.8968848435014 434.52299602058355
601.3224108833978 31.96665872351412
243.0440692361583 847.4359400508586
267.50592974399655 791.1894725562831
194.3059846839682 565.3694962670186
455.6934499824058 774.0611036357827
421.1507104341028 697.6254368410027
681.0730458197677 281.9749845257332
619.7697574094112 387.43560163432335
755.6297924353124 250.18395585907405
63.771908927529154 483.71912349748527
458.4020070464205 418.3049519185995
436.12396716524825 600.814213709231
158.41717428397385 392.0482078148313
775.3465484839815 667.65579262621
810.3820451658041 94.61507889165833
888.1682390081301 588.3774258707572
896.5214017044249 704.8408204365661
937.286501182817 563.0743681230658
697.5309733114914 684.0412577844993
425.5798896225449 950.4720280485735
741.4296819017599 904.6558391336187
467.0603058574877 293.5019666689196
401.1668363139253 211.16149813424545
60.05041361795549 274.29547856378224
390.16060161632913 967.3653984292158
59.515732041467984 916.8627465608004
339.51375355224445 274.0665158441508
683.1768552160229 313.7329397875086
731.4736428776251 577.2100101516979
679.9723733052657 517.0888726342381
210.77312897386912 329.0399024104318
739.6383170083269 5.437378787178981
698.8098744255777 213.38932516681587
328.6153132891102 313.6146615361106
795.1914513316965 201.12985581942266
900.1898430447187 996.9332179371954
666.994522171116 362.93466667241523
345.7216118157823 89.53534786167549
998.15574750128 933.8927895223803
629.0040396914225 612.5254398063229
599.7334221941672 598.1444728893503
777.2502595074081 489.2116918773304
966.3484111167423 341.59092775989876
789.8924107487024 432.7950261792744
404.93375417714327 506.8640440274911
570.3274004447459 986.1015340666507
358.99208940818426 877.124613425195
685.9371651479818 913.4619575219751
204.8810513215068 713.8907984158893
618.1576426561417 571.5997630904112
106.2163281275984 678.9806693284213
177.0648851223653 719.3974052566314
478.3032199215942 481.7862017079715
923.8930250066845 465.66773534291264
236.5769629198532 910.4782915599067
770.0935209756075 699.5657694613776
281.3531697625139 629.3757156118531
402.9906465392512 400.0335307389324
605.7596217496318 754.5933464279074
825.7835564510934 678.6784700321131
4.540989681975693 756.2179822107084
93.59034057345717 274.7443287827841
608.4985875112105 677.6427657356027
277.42502689271345 491.34013647071686
372.6472173088041 11.324493465741714
794.4437199891701 238.85196917883468
205.7421097604777 825.1098597188558
505.49130125442275 934.4689031715787
644.6482490767003 894.4109992195969
399.9255662186667 496.01313749715945
849.0958244780142 662.8920412437959
262.89095997308056 563.7717757456018
220.68519365684702 827.9619852491376
451.65913424325277 385.78533701123155
134.57493121837882 227.25226487348283
795.3493130607085 510.05651448328894
113.10750548056325 488.38915431047036
676.2864280748121 541.3998711544857
267.696868510807 596.755205016132
551.4502720325748 741.1611569582664
988.6225301322493 134.56568130939795
528.9146986431364 174.79319887833367
671.9456211542035 449.46960342403077
126.87029139059791 445.2823651025327
738.582126920476 422.01706378146406
11.770553845632747 789.6778501055641
322.6387669722893 818.7179816189789
337.33539875227956 461.48414343788136
784.438089003326 441.0498694282023
287.59274641574416 873.4339729890625
638.2286127386196 410.6549175453833
564.8326344638899 933.1678083209808
575.3969228788111 967.099969303551
857.29506661958 368.60313975404125
11.06868329952382 96.9552980936792
771.6071209537902 610.2847474359788
985.3057001658945 161.58107410930623
321.4304575911597 974.765356173841
309.6767869448175 445.8935158272098
826.4760305105528 476.0730356566316
565.800221489776 211.51496102790023
994.987519545446 581.5806406871761
934.5259881095606 405.0952525232328
37.990708994665944 624.0992602473083
862.7465124929723 646.2248865542123
895.0511837812403 383.77639387836547
259.3944794887131 499.24258689318856
38.97824652022442 561.3867630859017
253.00704824804433 319.3731182692815
870.8578807975108 478.86178276739133
540.3059305171233 156.01427025857583
416.9934769439125 363.41152621812836
8.562986863824618 294.6239245554361
895.7774081183235 998.3505170935201
624.091505462376 23.541885195825007
735.2132112877416 356.7470946907619
545.0235626918359 123.21333517532096
790.75205311794 73.27314518177708
38.60436067313222 392.66351485968033
838.3033367555599 255.13953200528462
61.553957177657324 251.70694465911004
898.7245729442254 184.7600007068545
296.6186561460994 87.2558987687998
587.7903555017978 924.7938840958874
29.25283501683351 548.2269447625165
479.58632443941207 700.4765016384462
495.44364508509807 435.92654630089334
421.4687771234312 204.6532589320129
235.01091581414545 185.42948657653457
845.1763787465567 647.6914632960121
544.2843625253081 188.34699974794444
381.3750822168559 457.4519752976296
337.8816869494532 368.51405774042377
503.86342759080236 23.76013424754886
601.3801696001549 489.50826369341894
504.8600956537483 777.3236866817559
144.99563529950876 646.5455059522936
834.2412935720371 194.80292245416996
552.9524882593995 275.1801215532299
723.2906284786404 29.746090294613282
64.04905136488581 795.3706997026028
57.46954598425691 183.36127452591512
615.992662640934 701.8550356673954
662.9117725968646 149.60319419915513
439.39904422174567 510.41034566622255
527.7902952685503 895.81177234814
396.9215873786458 474.4584486417066
992.401102036369 373.1466408136396
728.7953663621689 397.6076333034134
610.7526601644234 590.3198726910006
988.1520315982726 185.10614507343882
211.64609789683476 329.63706722557373
727.7812307351564 0.8149935151638976
668.6758391053589 136.1143168084833
934.5852169272262 26.19051371216652
26.27581980159499 168.4470080232796
298.7932645666124 853.8999788015706
922.882272472744 864.8636877935568
152.0724814127582 491.07643624494034
702.4782974279813 147.40635833831007
311.9928642267994 795.851574120447
212.23210292554162 64.93626935576857
129.87371433431727 925.6884564923689
46.63483629495113 358.17192515670894
754.8595502089955 37.168474886065454
917.4901447483611 419.32442301754105
999.1436247724669 44.270246777510124
904.3024655144611 514.4019579324711
217.57772967107414 715.8100676105114
571.0565321823966 938.0147193518754
299.4769403243478 772.597600571021
323.07572913602087 978.5172685175868
211.24842672863298 930.99183589207
921.5925482545349 185.58530102804082
525.544127819278 31.926541869173874
773.8591903519246 452.829898497247
25.956605640431675 493.10623272693067
473.0725283976175 854.8112588025392
785.8485312587953 326.95722161464505
75.08172353272269 10.820891790532471
85.72599725205143 878.0502575608875
767.7935117405127 987.0598633003732
155.6364517795109 251.09540768352113
914.384134723787 394.3479443406505
7.392284806534866 124.24095042067684
932.8734524045965 390.2563368663603
555.9912809299187 272.2925293210719
112.31095460453177 752.564868734646
820.4259112874073 660.6003321142726
259.76956682774943 55.20189657281105
241.14290658572014 412.7455982619964
22.538011596368925 248.33336990517563
54.73598280102843 303.7905781566885
836.3479051239507 621.0249091255059
226.02377846629486 685.7381238798831
713.1669792982491 207.9090026990432
653.4862991956754 912.9811267739578
501.03549153157854 190.5467620944209
236.10283022513423 402.9035755695903
823.617768328388 739.6821129388878
917.9549044679212 440.4287396098412
638.5861741125623 46.34334436519916
11.528324701900905 715.1923532450946
241.65066455618523 997.7554166958903
941.4681359996428 366.1516268920657
586.9915064037518 68.28385199652732
47.61122909086646 0.823588188514468
995.0489124395805 516.139041751626
239.4410494639655 754.9793336854788
675.0680023483279 903.327536707933
103.68003015119587 963.5032045194346
2.493220768763793 289.344589109386
532.5545502429638 424.2591637127945
160.25164762436373 188.36035905232063
62.338499356284885 554.1891239359852
578.1594185227037 525.1594930185088
890.1013838669056 960.5006958092833
586.1315823930655 376.8522305529883
971.1573404593591 79.68530476711855
834.5705071714124 245.38251466572692
690.5315770881839 573.239460064728
329.2533393949038 970.1163523740264
348.8314305382191 111.34553524044289
378.234404185638 160.30220679061614
106.22904251546706 24.40114245447966
354.723783384162 203.9518339927391
87.83349013878872 57.16829202544571
942.5985272293549 492.6991024227644
69.55016938920899 121.44757127745287
450.1482773911446 491.4509429807998
535.5955583042293 510.56405334304156
852.8525063461606 677.1532489309114
927.1560612699869 512.5856083337338
457.4316928113481 172.75208740639314
586.2496221993349 739.0762212390872
467.11033007714366 110.43799704386781
239.669369880679 772.3203546218328
271.97457112180257 372.5198447111502
864.958605753616 926.3368262459601
988.5031755684286 378.7815244724343
433.6871251036256 15.633741334192152
628.7953017152446 15.933339739809927
336.8687913613099 30.53845960248458
292.7140274402855 637.7773986729005
263.18077114411255 529.0700127885248
945.1101079400676 303.964129314217
922.7152888436525 372.703434892953
665.4854919382014 70.72512939012255
287.31468220144484 157.00904541372995
738.901534473359 198.72490348017135
953.1113947436552 318.03172113306863
594.632067599997 601.1823209945629
821.7142708014043 431.40897217505506
393.00714615858215 719.6702278739648
543.5533593011711 663.60852250369
11.087958584416914 285.50935289954947
70.21526760516328 683.2993769322136
284.2594518101771 101.43064478770015
222.1718139604293 595.7532777282031
623.5218632586326 61.18807141326743
394.124950572321 624.305999123912
547.2082341254185 114.0612158191977
392.26087756892036 330.2906786229155
241.04980183834434 776.6956373785797
926.0271034588117 136.48869756022785
991.956813295864 96.4859354442934
461.61641018664824 799.0256074761734
228.57749763430613 678.7148415918332
985.1613995709623 258.7734721552649
945.6432391942155 503.9192548595245
720.7146785337932 995.7026747419773
489.30327884141514 782.4619652985226
1.4089684047097206 608.2600316112054
37.097768365577096 20.045720749914842
301.76250711502837 844.732115142771
618.9129185666383 800.9137734284524
904.9150720592525 724.6861007669546
194.2078367657638 534.7394228152718
800.6502759060825 705.9628205247242
125.99752159295241 558.7144272956223
188.38023927221414 76.32969485218233
373.52187702506814 538.1039790382242
393.83898020182227 878.7841707026345
863.2260767412447 66.54407578883348
99.05108943939777 715.6306959209821
791.6230347179456 731.6147301756712
532.2127209620284 718.8376418034502
63.803313940771766 681.7299788334655
667.4422168179502 822.8128022437626
677.8043186815396 907.1442524364819
543.9277145942676 230.61947336592482
627.7446711346406 30.881527269647435
529.8201214068577 625.7873274926247
817.576068500155 394.6523010335744
728.289048949005 249.25582819082058
552.499345407036 620.3306164243055
751.4807727704259 434.6199428505789
406.53740085846823 629.3216586516575
772.6866842482895 574.7314803300177
652.4527640720798 310.158134025279
107.85168153995927 778.8416228130181
984.1425551334904 638.920964265863
574.6216500516763 671.853368351392
961.8396363755612 77.58856362737066
530.4501319145176 885.8851932856079
466.8933901461345 502.17592929733024
800.8539444313002 799.2302951369821
465.59898860464943 745.533069317754
674.7284871488655 988.9284074708805
550.4897943580114 78.92997928806244
765.7031535149866 680.5499697902766
52.70224639928056 602.06304051886
816.8380052826608 202.42534302846593
0.46834501289472197 562.8758249386664
460.53317090944654 81.43468036071965
836.4857894120713 86.5949171415824
536.3422931658291 953.6065766146708
600.861462796216 657.6390081418765
816.4523704385687 905.1567557083683
236.51913896799792 968.5678343226681
891.9118881882359 208.23038377175195
780.4074794684161 426.99478529444247
532.2602019269207 670.4952914813101
466.5399729026968 694.3950783624879
47.03079029480273 978.8651595022776
185.84344036242263 119.99946057550726
49.67169012334382 485.01511226426084
322.987403902106 828.4706472278925
552.746694464496 853.9852106413725
721.8116030934602 521.8177624420521
507.8510225615912 877.0493331122428
418.6645441589497 764.0124660298933
744.4957685860771 536.1606294523029
826.9109402814056 631.026951346443
759.2854605837329 99.66693211201805
256.0617107123998 129.52314105894158
960.0335108422064 627.622632148396
5.424913107694995 714.1794530923308
779.0308412796647 769.9062277985984
784.8717040683487 566.6495122149025
535.5026879969819 151.4856454614547
884.25684585874 38.40502620890429
49.3598673155421 956.5559636421524
338.22797057424305 805.2227293301032
786.6698067421177 546.9075324102446
314.6039373098609 832.8335797569144
751.8445343608612 79.76475187159726
92.19729721275205 211.25931501042817
432.36132066252054 126.46880080495649
287.9013955638848 279.6202385423368
848.9038856364285 235.76055649845563
443.0581994655064 233.705304571292
167.13067479918064 234.05247621386715
685.5677843524834 585.3535709854148
386.84828683074903 809.9612583799071
946.8961368211195 425.70403745217
340.1877256462615 591.5057138960984
132.08297055684693 433.6284052575947
602.4516269739104 491.757482995716
716.0468432386003 966.1693107069061
947.6214224934688 572.3643024354756
470.9297088017106 369.56446930906316
665.0825267577866 54.249247868026316
416.9190785037197 857.4447446249625
394.9474295116139 390.92146885551205
632.9303348357107 917.0520643325596
136.42584813292535 512.2171856156091
263.7280803388614 224.83107853140837
737.0114776349037 444.9221752034238
916.5097600142811 479.506029637916
479.82596665055763 521.610175243038
652.6708369394038 393.76219466675076
352.28002878032595 300.16413011868616
949.4158586184599 324.90926063706183
201.28266079583713 133.83013020579705
331.0745715558717 670.4114019298886
258.54943633843163 55.28680223158433
851.4287905031003 205.92707516684806
454.1311617371311 268.0954852791514
246.04949173968072 1.5091424637406758
527.1047001881458 75.02965145668882
367.5901943456661 415.8735631895587
189.43762751940906 515.1645256525585
467.17735133390494 939.1533324918668
502.35933544603637 330.2409022796107
991.4837716373631 331.3112523513666
184.14101143184024 135.6998544082908
827.766855475148 586.3937313536275
784.0072818393157 832.9179633432594
348.0982488418514 742.065336197311
528.9729983595809 366.5551939601096
179.20707670833892 449.37131917820574
178.71839526474932 904.5609291906654
355.80424531386933 519.4337602701502
408.1867776841871 398.2657952589228
402.950456372917 371.79426340954905
78.40853037913054 266.12030572349545
936.9761312605626 423.374211725992
253.12630419088933 637.0237770011324
574.6563581965494 977.5314471719755
972.1157334317556 187.82011956183874
296.7900382594013 99.44959826669653
601.6671508232952 114.41943767860874
925.0265023856853 297.10502792979486
48.51345732700996 187.13787323935892
39.72960580437545 566.3129055597632
245.5600310490479 158.23012347631783
491.86353772173754 503.8630366835878
96.09244478736834 13.22255857345378
643.3302762170667 744.5129220881478
497.70866837171354 687.5375085920225
607.8841470074169 935.6135979152064
158.04212454969758 906.0316462521333
58.69375864718806 827.4021154814933
661.412710772815 745.45493803931
618.8175484912396 827.5015495561389
648.8630398052909 368.46885257312636
457.3036756648653 544.9276351811607
33.60743467450944 132.7457118601103
476.3211536931831 431.9092592581396
889.7415784996195 939.8034896182169
393.67378220125516 621.0869564585381
24.131167174827773 255.61377454343827
100.24414740196264 451.1624832959932
269.71795100752325 708.6527602140656
903.3599417031253 975.8293418046946
223.05191037564998 550.948172864267
654.7706236070331 958.8226545993786
489.67909458175717 553.8084670641889
305.8671225981229 472.1842994347295
498.0841040059172 102.30212754107615
132.97330390610972 235.34687092679906
596.2073681342333 351.1891174237436
731.9826222880978 259.3984011893949
454.12715172128406 309.8883724986206
894.3091070728633 193.89682811751197
762.3166049891623 635.1985872279839
645.0668786247546 12.861632126766276
836.9567590414226 727.8718530036289
49.587946502870125 322.0777831699065
22.106409519175084 452.77318286280456
875.8330090297761 621.60443292086
713.1001942161196 432.2410117768811
837.9458379579609 315.3892763700051
416.36643666698745 398.39746727611737
940.146385059624 124.14703204306821
507.92704897259955 532.5388810092426
390.35379118459156 828.168123523831
256.16135399916885 68.37102389460048
659.3754347312289 943.4818041602142
233.9866029846378 690.735425451945
524.193366660708 17.805578880668804
461.4282476463203 422.6065622974685
352.8250623651591 721.9704528907757
491.62281022234833 760.5220937383675
463.43063181704713 808.019708792184
181.61729843609575 792.241323044968
121.78373670144727 306.9366425943714
73.8985698167558 910.3100901628358
628.91931603096 46.963960273016745
155.40725860537032 521.3425059882103
994.7156444952495 687.7361679086983
257.86026234513537 843.2134954370451
893.3647124741841 985.9536574118088
516.5269502787619 480.9882994784378
953.1290572050601 935.0848908282485
114.17386399394015 977.298398472337
945.4794464876163 754.5912533360871
2.7137275039443853 944.0056445842671
107.65238993704351 443.42663089653456
417.16388027562056 699.3796221938536
657.8623977941936 758.0718695142881
774.8407563303074 558.645931755394
543.8487649820815 27.121707692735143
987.2863596020921 55.645736048218986
603.1320079816402 172.4501363628589
303.24363003830746 409.4799652069817
607.3008198794175 671.2374196642355
548.0673401498647 492.39424368457827
112.84516370864239 963.6498892934637
28.278241061292064 403.7934595184411
647.4967139045257 987.7221047097094
429.5376550434625 510.15770552586815
523.7331925400127 105.99759260719854
752.1406427739765 471.76418765398864
490.04854392386585 677.7434779683513
700.1958441729206 344.5022749282174
505.7857073789896 926.0610379202617
968.9805470178756 318.70215665739755
156.77478661582623 550.9728847693252
559.5299263086307 36.779787624960704
616.7140971725541 747.5745397052733
590.3393768023828 717.6340717893611
603.1774043058057 902.5966782870993
73.12962336713325 508.1148608014232
477.3254669131345 263.23163074030555
772.9443188861242 580.5132194907235
492.8455964931897 298.83571165621913
582.4201108660924 499.90798503476594
212.3386234469067 309.12684512826706
805.8897501626952 296.3360820940607
278.31678216410705 71.75457877428681
371.04871505869517 494.1359238840195
51.1731410800581 967.6275991292847
264.23677475025175 74.44703073370451
107.9265192962372 74.14149668914771
419.95539981771736 976.7309482569777
233.24285762406228 174.4574817972414
886.06283430493 281.3121784086934
328.1783117280075 495.2403669415052
333.1589927507158 657.3197211501804
612.2848721242372 255.77230093924243
879.9920316000191 9.04368749468032
601.1648533362566 788.1160503199965
766.2896732416258 508.6033077345922
604.2556556829531 71.00996542117078
620.2377648124134 363.95596383656795
906.5716373429603 9.434206135435218
939.8994558333862 738.6597745837184
373.3251752584118 687.295631294488
936.1887372413579 213.4346517382901
947.7944136398721 122.43697634041395
69.58163123112459 59.4500856069633
400.5003959812012 761.1831555145401
453.5698430434708 379.40004824602823
731.7016380185124 63.89569423761754
794.9307120760124 864.8091235634204
829.4095312561243 53.514307077266785
694.2088223457017 516.6458137883748
341.57320992984154 625.8218161466543
939.3737936152563 181.20262667528885
233.77805601422165 753.1769954114096
891.4401937707872 164.33461992147647
172.74673951860063 452.71760595004474
182.90482426427235 504.5316382481054
701.1279939435141 535.5434517630571
728.1776930129928 708.9316186932497
150.50249899562408 705.147376007402
479.75295695682985 886.2655195873062
377.231501513968 531.3699586857493
454.68633061792997 246.85727751715214
699.7185449622647 190.4109857217987
303.01623041005234 882.1847441386991
865.8501627676599 631.9393688467842
93.08549876991256 585.1406205317968
485.8269506834005 11.100453401416521
48.291803354125975 227.0149776277759
128.29111454719222 806.2273153589516
685.6141880865781 868.3542042700543
196.60268707722884 32.32130074408979
178.3341175134734 348.2333417504809
777.311349078112 355.8737348279506
793.6897516748195 570.1121889888948
884.3162031770236 718.3595824453848
940.7719367177615 82.32835873978416
909.901455139413 283.7408660950336
704.7912997994919 837.4124833063297
637.7809840627406 139.576019092149
740.915913600982 206.79486924144484
873.4799733745217 201.83880197275062
54.199125166040304 426.1045097612166
603.8275766019044 200.30835720552952
501.687772828006 651.1448918320951
610.0295301192992 454.3999879213374
818.6212645202537 715.7636657998366
627.7348022041153 388.56336714481074
592.7020694028563 500.21591777870344
472.70630527907156 381.88399083277744
888.7386040168687 542.2537521335266
32.15011631518583 598.279654890136
160.53224429744682 153.05781053822355
659.4538421690227 901.6936412974402
677.6995223015244 836.2586739392709
304.0296326895718 824.9423333370141
942.1920179114221 250.67966203545777
658.1523897715199 831.3837905639388
472.59575442927127 306.0646197923131
709.129764716527 785.331317716543
893.8632103024951 235.93758895342643
347.83522490895893 630.1440314362685
485.95022469497417 652.8739120439824
103.5810092892242 762.1838660911566
216.90155768913587 658.8450073387849
650.5031522362748 484.3367211764187
814.2484048389462 56.93202410643594
462.0758776463381 224.5531071880845
613.1515024063058 590.5865103176125
878.0683687813918 912.8711862699392
760.5444746943726 922.7485783779048
892.2015806317194 24.643496895299766
851.6013395515695 759.516566849151
168.95892819065716 318.19579729994405
228.17332764980102 121.69409594162583
154.4490481185602 221.90472961530273
978.4099880749245 272.42439728081246
658.9151180674035 158.68887574342028
142.59982465312893 220.25327451914256
957.4295531453546 835.1650234497772
752.3365534828458 34.3461765768095
280.50908241823026 668.2299048684849
108.43651049371606 432.21640934896686
547.8299766176702 73.58531286104663
137.60400206394564 230.2057645215362
335.91863751670314 298.731894787753
758.6609949233781 283.08991973579845
364.63821409103303 847.215498751365
936.2281212573282 481.56552355198613
237.48696337634934 311.4167985295485
503.0643688150819 225.00745438026303
777.1697679395221 607.9339394286823
891.8430637192989 541.7680137384004
60.59900738393442 192.61447900483796
632.9617759637105 690.4227394000416
176.42688486434542 821.5515633679171
847.0548061716974 642.7501330180148
803.4061109215506 819.8671162810358
989.1963840678501 322.86535157970974
939.3214683115078 621.8616903788308
786.3536045206797 856.8109913899982
497.9300308046267 554.1199350201704
650.4682554765765 373.0407372223499
35.292984191811485 447.4169346389509
846.6168433844432 86.61442407477816
567.0776055940663 683.7796274025015
349.0189067547763 498.5558305036116
294.85274593449185 711.8145816764467
627.2333540681369 546.7078123254578
72.097275862532 896.4217015703633
570.703348223625 455.5512415239929
609.585461991603 808.2711496597301
381.880695982002 849.8381690485805
745.0088500341107 703.927974451134
546.480325474531 420.521539323372
583.1399012110331 999.2681007733904
923.9864978927252 61.346882250468916
950.5374492058947 996.8355209504906
592.3524422544588 930.6047267134328
402.7393133261039 992.0495098947831
327.90503362908385 334.9242448297449
972.0834174514891 153.67830582543073
504.78723689822914 680.6223502356268
950.7431694069917 250.75282933643706
757.8405235126373 993.0052009851614
266.25882554117186 381.10275807415695
968.6503776156468 665.1510217253498
425.79153752475804 345.95450309233524
6.5481051665460255 165.0873856052898
580.5223024246546 210.53844709707914
184.68229467821408 403.90729397887435
993.0631145808446 892.411189373621
575.8440171273355 347.2528347551267
78.44317258845945 327.2052918293842
173.54966068244272 238.7265403438471
233.17825190456077 875.7781437061133
380.9561102760408 496.174495780231
867.1263132588921 157.23826093375405
463.50276126303527 940.4173858491217
409.27843515567554 419.0857821454973
410.7458207316167 520.8888480882273
571.3287617166925 888.7113156286437
118.6699513661158 113.77295809292399
821.8130122422576 289.75586512387184
925.8331290049811 285.61599409628667
848.7997325635016 852.3411434587705
315.0207982493244 139.01993181041428
770.5649501658406 697.9385673526759
26.65546769322291 486.90821102945415
991.3746803254553 437.6526059465792
921.0287114381823 637.987045121578
893.4464517569611 186.95143471141873
673.4920801606019 18.408479520627296
6.355328004364336 970.3867986086206
790.064712959608 703.2739347206383
901.5958481346967 666.6017096140789
490.48484463993367 686.5001212580864
822.7063491158544 226.9329384704537
721.5532598406992 378.7017817434051
980.307171547958 890.1732567505891
935.6869991457628 390.1286965529305
516.6004077580901 511.5655065552315
297.9216008303086 129.32693594872424
375.32320603397204 925.8592503203104
669.1709827985941 128.07761444728627
700.8424007126472 472.2678232266747
54.37389970649165 289.2987044766325
934.0238452348054 423.42189190781465
201.22653837894066 446.97862858738625
472.7044198566438 80.92325289359736
688.5211228396175 725.8428527989944
621.0406218625886 726.8604318765864
152.6803736668466 193.3382617004492
564.7026886696268 453.65540222120484
266.8984225631207 207.65151983748876
277.82858995378035 133.86877088154614
709.3687871559621 682.8619502976502
592.8474770242627 437.09838169645354
635.4006340420735 215.96137053620012
145.72732592338332 852.8639218265844
102.79423532286447 650.3563191427612
546.8975833204572 136.37865115489012
490.6678183572349 186.60091883168474
922.0415813589391 458.36628849304407
198.99729919476704 593.4917421871994
917.150350899048 810.5893924563861
819.4515067476564 421.2882557118973
368.67343552160156 895.5135701565632
527.6752285619845 373.705845380224
102.29859172785993 811.5389075654462
662.9932583545349 156.46070390271493
742.8369200783685 334.4889429444101
333.5783055114605 187.52929594173406
992.8857046712308 491.55408208105143
413.4467154006197 527.9172091903516
569.3863456345847 425.64523039317584
482.215332287596 271.6154350266589
874.8901005654769 256.12044972462155
99.37425405779754 419.5551761829147
524.2897272738877 756.1059449269545
301.89934359565194 954.7544203655606
47.97040767592187 187.1397413688627
367.34969060864563 434.48275968507113
448.77850142180796 558.6248903641343
694.165019717319 920.1539051970176
802.9024430980866 912.586536072471
116.69816350632101 476.78773089320936
763.7046108652295 973.4849762049321
94.58887820198714 791.2667040095707
652.7393566234391 648.3448455493983
994.4044199705762 682.2445628844159
803.6365153223684 414.21812007230784
116.04359384343688 404.44735965009335
962.226223204946 588.0065252091266
207.22088849459007 686.2406087374906
840.2251522414161 837.9270902240687
956.4175172549028 381.7182932843627
370.000259574826 66.4118291066007
358.00671374633873 467.20281559364406
814.3712189579875 970.9906206164168
902.8309578190707 866.9274443161171
648.1078889956799 172.71441172019664
263.3288595677161 253.8061534689089
46.72488284590515 790.9331198233248
514.3801299626058 538.5777911777308
893.3699861595948 738.7511162481173
959.3568812382211 234.24504566371084
446.0493129432056 815.2401796321267
315.44036578467313 262.6109655725938
195.12648896349037 878.4984574608225
353.0821970349386 55.849046636859526
984.9793110512504 997.9011077621584
81.55945573614709 998.4253734340743
173.8918060328546 504.3965336806544
225.89351240969623 353.3240318376643
462.70602600689546 284.4597575820602
49.97272782955198 821.4106104980553
35.451796940202726 496.3221492663966
546.5392491668663 793.9000187035608
824.1193793028891 126.35502083360916
636.7708686374604 175.27921905327094
34.934238278146346 448.99181511870256
300.5086106109519 377.6670844826349
554.9391336023884 505.3318911592425
492.7518804925548 717.4770149728936
495.38351528050407 173.5764160347122
292.8622319049752 981.3805522424884
922.3660311570894 268.70487422307275
979.9883346092716 370.95326255959503
775.3709082589544 379.3084284946291
631.5438454431305 384.01650094290454
80.78422424750053 826.2543616499149
401.14126238616944 445.57206786856085
830.1719362549844 210.86308282780553
848.2042159525237 262.3591658145292
312.04610427989445 509.53788613315464
563.5518073560365 942.4460072703633
261.04168759037606 567.2946737160751
863.5682908397251 894.9012625692794
919.8711465392346 144.39698669468737
510.141927888816 404.4734289733981
997.1196816723713 378.3094800371026
254.3773792904971 562.3386005190248
547.8894227471958 637.4410873576986
499.1556530939745 926.3606752357853
4.495258791983869 263.6560286189158
528.9370448681066 882.9400702823151
940.86177840419 627.2898558229917
564.7715487280411 187.41029790799368
666.9648560070834 251.41455778915943
368.3023984587126 571.0745276178905
418.6071855034792 501.35497602305657
240.61845434748741 620.3567460040862
733.0126203341368 480.96661645591223
40.13157316678573 357.1755324048802
582.1690664306149 328.9426893858758
278.224902643516 79.53056068994202
973.5451734478481 66.42593189728917
442.23925427356625 57.4253823520392
21.75156902286124 511.4585974762095
442.4341108355749 621.6325191334516
944.9121802782574 546.3121450983435
482.88084469583924 31.439676127409054
45.957149017587184 200.49544754700133
715.8154840513871 262.39891906723136
501.7437070678961 595.2483754491375
754.7990869039729 516.2334655111433
701.856641029961 784.585773648258
494.10394687560535 822.4390804304052
954.1358499152032 923.4639379710106
710.0639825068151 574.7506261436552
605.4230327279005 995.4001669801112
604.6983782710123 225.5265912161273
13.715567212736035 539.8835399633697
792.7374951862706 647.2372457015066
351.8604139172552 434.1726383554766
230.2503989991459 862.6253962431352
923.1164577767018 804.5842131827997
236.39415386063556 943.7406516226171
525.3590991383381 569.1342562409587
69.37457067743613 884.9319803065239
413.39602319557144 946.4009284672095
483.5289449019622 166.015063477724
577.8082688269128 504.73638168037917
316.5117100851483 539.2148412835783
383.9265212727504 971.462737512681
433.8835879347904 297.1153356474814
95.99735860874881 73.44470592131935
292.97608728257495 908.7327654201782
449.289792628877 138.43999383496154
978.7225318874546 446.95987225967883
226.83754923143695 50.88525558686652
811.2179801877758 673.0127650974835
747.7080853823362 426.28454977733435
528.089966988978 992.1440682872545
280.1344749438647 545.1238170821101
604.332883166526 749.7692434584766
655.5415654473611 670.243652960159
488.0788988101194 498.2854556191346
778.4434357718187 860.8598333188695
402.8484473990037 932.2454920632342
302.3839785747687 291.9291484611747
895.1439302188745 163.18182604818497
473.5383879623087 389.3160679860086
490.8206070410699 885.2587655775367
31.28787438102043 799.2230304968228
664.488476974028 769.0636664505021
99.02605019914168 324.60550023074927
823.2699763942492 113.23037493981269
198.65019538897621 481.8007338268452
159.5580553764806 382.22202163813404
878.6360347838922 257.3562606906019
36.98980073891312 763.4816034267757
958.2900809102927 978.0532757076394
39.67089669316914 288.2930978077175
59.71884057369981 946.3763027093235
936.75685151858 378.0773564493252
924.2495472318017 639.1897354741751
592.8167891658227 901.4808934304765
991.4822964950704 819.1388655456791
288.97628775950835 957.4979844206207
856.8487523747854 866.3009069044722
10.655812101308948 635.9989842415531
517.4982253698885 1.8698348125535391
4.791866962921332 949.4214950017056
766.5267229563271 846.1658116121182
312.7479001087146 978.0128907351458
702.0102968524288 930.0186753533756
44.6928030255187 25.896333296267727
79.99916946526197 361.58213958882646
877.04473061656 246.36417717516989
159.57441453047937 839.8935873079861
626.6484681610997 762.1869686516569
763.2643196359729 602.0017314478055
783.674999395164 780.3574348564333
507.56286675968386 692.2427319382674
569.8019756086333 580.5728466173554
545.9881503633992 150.25265277767997
429.05434624955916 542.8916040998434
711.0635341301531 328.56237913133924
855.7544137943028 572.3822518140264
641.8003576244306 571.1287888932209
117.35140538990552 377.21681006838514
339.70531607922896 910.9134133687066
739.4703589509314 61.542303366009186
609.0320797706084 277.62850294203935
586.3408924675168 405.5978018089315
5.9410620988662455 946.0272512448428
991.8364443128941 22.92642748471185
246.42695952646676 600.6233676098943
674.6752549375113 308.1655346850807
504.3193712171961 444.48280848926566
105.90391836372714 718.7801041726732
668.3563141892724 237.73834202041243
587.6059243960686 470.237844045047
421.2763291358963 15.735293904111325
548.8464114609977 166.50697024322636
954.07024523366 507.2247393479945
468.1857646085339 236.3907577403793
234.97849454886898 949.7784160171972
391.6646256266054 301.0955168319895
15.515538773304915 82.60688735313448
230.98331429209307 759.5614027901187
174.74849459649522 586.2210555340612
898.6684441207608 945.4685902549871
578.2515845861028 133.8841775362094
865.340917558161 183.4640016521002
359.604310012966 521.5599372349072
908.768436358134 952.0362398634319
419.9958282566729 51.06951687767636
665.2073038253037 146.60005495704542
985.4436173715426 455.42900422265
90.60753045590153 128.73344374713446
261.3299021862644 175.8452743637069
92.57622582009628 846.1440944084408
580.4043956451142 726.6074975545727
403.5643595856052 812.8242021603099
953.0974806373077 217.1183397622235
231.56220176448005 149.98599094513753
597.9330378270352 839.5672429981125
346.65933009003226 205.75252369336494
855.0254888504296 276.25540920010917
40.144888410629356 495.211492442314
867.0912567859987 532.3409765799324
827.394895185293 832.3226061777215
550.0994953343331 657.7793624979154
856.6129149550562 561.3017897832199
669.6329888470245 186.4925906484055
732.5611045610428 737.4883126641658
289.22489501462223 891.308733431931
867.7389950656092 956.3336887197959
463.3825768217362 629.9706776332551
533.0376827310284 284.0342221100367
810.7050029146164 640.5208324061317
495.71694588741366 404.461521630715
521.4454732329104 633.6267822136982
504.6240715253538 664.4287201941926
429.0670774583638 424.9201278231002
910.8923344038652 172.96196681300623
6.782723104730604 652.1791951864502
396.92841390516264 490.13091070616935
537.7681008740587 330.1930938369521
127.31768549252797 727.1231999884499
251.68038510734192 610.4040350210702
632.3469219417162 71.63225251272497
920.3108515003332 132.930616687294
388.16396460146706 851.2593891987135
261.64541119746076 785.3345174492246
367.1649116143648 252.51441197553993
514.3020135172375 515.499442968729
798.0187850981301 724.1321887384148
713.2588380698288 85.24977909574072
996.8105523886217 910.8044220877823
522.9835369072191 296.84378438668205
409.1035524052058 687.0599527274383
965.5178627153324 276.23449077415654
937.292666382902 490.9084370376335
18.76822575811199 854.9983164848987
218.43991301918797 692.9962867187902
854.1978714674133 957.0906190040531
764.8541093728726 179.40541933564046
433.31102848376247 167.0938125552589
782.9975193603981 674.8591720333759
288.76585327155937 333.3823702072044
45.87137553798271 587.9818768506373
578.6472092399854 142.63677687513044
409.85370951819175 321.39167772095965
921.376199504277 91.39571339273101
439.03232327756814 56.78899434168483
93.92876235276593 175.8443259334851
128.39677756397637 998.8357705101723
407.48037323039745 922.7937616574536
901.822835364453 941.5033885894769
462.29007767304466 92.81521240442348
901.6039773881482 806.7003047020504
27.581472576860723 500.7491624424726
83.35391588267116 497.3726752524712
992.3743304337132 919.3189036310041
783.4254216435153 5.904605512425665
689.6652679693772 958.334754520427
235.56017877826275 223.5272181122241
409.05175998535015 144.98325920073617
979.3052050158295 307.5785564542952
581.8385069421123 169.95382791897694
224.80147633892565 780.8391668768012
947.8610502160008 409.66256291343893
16.87096555805889 760.8009842451015
994.7062674324694 386.5912373043775
475.8982275507073 846.6101765584851
97.70523680185583 787.7669827140476
483.82322075960207 227.55700596089224
83.0190266112475 25.666354853404847
930.6324554178383 519.3689667487149
386.33300391684213 96.33458059171984
40.05558032836887 683.1960797682243
586.1212485119902 666.2696123264
352.7451155456325 137.05997224544873
853.1371755275886 902.627385602078
661.0371798075104 830.6715953191375
776.7324033789617 550.5633725005307
561.4614195987537 621.9043849169158
103.80109253843185 157.03257005755344
319.4886828738784 766.8436482825148
157.59170790750554 142.12866360920296
425.57522022250913 715.2147563005607
91.32459895653511 627.0500706793148
562.3827717569081 689.1259468558607
675.4979239793158 542.0390608391018
700.1236320482507 715.4445874810182
17.96054440862116 558.147821415617
690.300823802289 880.7581147512058
472.27548271463536 813.4426897372507
37.68335025131275 582.7538745802451
2.5931163974622917 237.2661259845683
496.1766712673767 462.9849866996828
442.19802557475 515.4339112510512
756.3197295238602 523.3721034588717
408.0895727313014 384.7518823607339
770.458777294263 652.4236468784186
115.4008007001468 996.9958197158847
196.22003277701327 417.0399227322212
973.1560840173164 550.5044778362183
29.72229884215882 511.8998137548676
636.8130136682882 251.79467392898215
747.041860280553 700.8104895111591
143.2293535098511 940.1143276459662
175.76182563262975 433.03473153416695
860.1414590976584 384.607772603752
878.0083101156112 572.4920969508322
244.93522339342644 346.7751828839274
42.196705473589006 838.8637321203811
826.4368228546779 990.1657080787631
752.7808880992269 627.0131450726844
398.64515248028954 114.75187360381989
35.61936503597762 844.7678885475369
146.77340759543844 995.1906213342771
261.14154669281777 288.99063925971325
313.66245240535073 310.18418814804596
328.31884192284554 865.9997524279651
58.574259994718545 764.4113996411064
549.5149530098377 654.783613166483
360.56877241749385 525.0086961595254
309.6097955437259 410.08469323139565
175.11237043784755 521.3370599150866
382.36255169918354 607.3126827956006
565.2628614111413 989.7792833752234
252.79905617182874 542.3789884045154
197.71934983317087 384.5699669070938
916.4792024446556 316.9269124153311
419.22220905576836 921.1680044904648
404.8205086881651 763.0658468683099
110.23297702700341 570.4396152118329
720.2240845169033 491.59931082876886
650.519140181831 279.927312765454
955.5696923872963 283.87068626624847
625.2148054119864 562.7385124666212
119.71687908616535 989.7322504279492
350.1226571847985 365.0948777823204
593.9693529330731 942.7768688523798
901.4688869346065 300.3414515169358
204.03043744448934 658.8538071683532
98.01703091104864 920.2225641141696
607.7971713768662 245.02323874413867
802.3931075665987 683.4891948298897
71.41151954044989 513.486842888411
983.66862105183 677.4102682244002
734.3070925911707 268.66465797834616
214.69433400702133 949.5181346038868
148.5603117861527 615.4711948101051
665.3721425758899 514.926521633893
218.6751129526322 422.97659352256557
196.99848570011636 718.8167953934262
665.0005544086976 270.021218328374
863.0073898403925 654.1964012121377
787.3013296069923 297.9855263750013
977.8869032990959 761.7908395548576
614.5710394599563 400.79905537599967
928.7380595938185 571.938781289778
492.9988652808395 93.40578041968372
72.89034372780434 787.6174646837959
786.070063887678 217.28555409671057
390.183662158733 553.233326887606
639.101567830208 365.2645049172276
39.971503583820954 805.5707117889682
695.0839191567412 537.7295622904725
610.5956628192096 61.29930001238926
239.52118044730287 78.49583298099994
643.0278704215307 859.6987298353932
499.03075595440873 380.95734900034785
960.5695505059549 349.7667198755956
721.7855762415861 203.78564444517932
442.94555778956544 187.63447814876233
227.4509427213066 690.322779847345
145.82358092315107 993.2217478197209
830.0891927007565 346.94788841931967
85.7358863082438 104.32078565405345
909.5753235972063 303.0803059564435
585.5757198467048 261.80697936931693
935.3869244717321 149.1139758922837
807.285552925924 161.43137510011618
431.20256157855954 528.4611611122186
986.0500776303061 515.6583130257468
209.56261741775083 446.0165031539666
924.2519792765448 383.26891280429163
202.9168458169943 947.734625821575
503.6438316577603 44.95950290586181
370.7038023713054 424.64825760412907
330.63479303598075 629.9212524845491
971.6770221958509 299.5354011225253
142.28614384483728 31.395550753564706
956.5132676466443 265.5782510044985
269.55489163845016 388.45734349513594
357.8087315877696 563.7382579125256
279.52021149013063 556.7863349970955
332.8892651937516 9.205381566171344
899.77233282325 542.9439496814831
949.4305925786695 607.1614293184008
465.83968290668673 834.6816696339093
894.705612559206 634.2316412918257
426.4741213934441 924.0642393884262
36.345603279196446 4.379680913372042
891.8107772995772 90.69894474682272
165.82237539932453 586.6357009327797
815.8633229212913 689.119951631033
315.42931309903975 896.9287274688935
167.51118385897934 767.3848916105837
755.3589813068601 247.42817058221357
363.08074514539925 833.1979083894508
149.54563363139218 4.181744782299046
308.8172806996131 979.3822740152578
377.26087437974934 77.46992705813271
632.9903719252254 382.2823172667459
212.0218618746942 149.1798315324786
75.07048784578141 394.68323503009697
390.19060016828524 427.63467943752585
543.3596638380432 69.09435717746659
598.7140457092586 912.6969238354255
52.65463016898686 967.7501082848639
564.7750637285615 252.59696272961384
609.9664094728947 542.4397238960972
739.6937507658547 278.8212037163912
129.0148190035667 200.28540064054235
35.24002178191476 216.5269620176432
623.1628168235536 410.8460528162341
692.5879322985538 385.3336308303558
251.64970599558123 855.4316435676891
642.4628141007355 928.9732005949303
275.428595890246 671.2708882990648
649.6026508239501 742.1651990632979
616.6081021981308 301.1829765665552
125.4750284197228 299.2146359856369
509.44392305782674 323.6618859939866
740.2622382815105 531.2139720290667
681.0211677678288 908.7892419036211
868.4459773330836 247.36301111147185
606.2136583805509 222.15019318142714
461.89506325910224 850.8033724344658
644.2015601563759 181.93393990860528
160.17843560759226 260.4972205616353
282.77426513468106 463.6585072561864
319.89703265187063 18.062607964003384
291.8406790967366 542.4676064175593
173.14788145046077 532.1104125673294
319.0142588766884 864.7046754449785
509.8042837723228 292.511014130719
347.835448431931 948.4772687021118
119.11632508348546 673.151504681768
483.13986633628394 327.1827456584249
723.2060925210809 634.1269359742209
728.2754080074889 770.4740108570513
288.3522587350635 232.94209453732674
775.3168629430711 143.9019664927269
409.5294888890617 359.1829961075716
342.1221889749327 601.4789697101841
929.4876102358705 518.2501382069636
259.0198744352854 544.665474917917
75.72661285112991 807.1285125551848
333.11161673611446 926.7899486888482
177.04331628617797 448.80165321303457
999.6206403406326 33.669832769588794
455.89614545978566 381.8007276188581
907.4106266344801 829.209186773861
483.6545838451155 437.5115430391481
879.7460702922745 319.0065172816554
632.8702281785461 580.2457080716508
141.55960170153747 155.5139111817311
264.02700122444344 533.7150311561863
310.9377623333304 885.0467577450341
443.7977060746834 872.4305257626683
415.2316246606046 819.9507696994608
707.6550218225549 317.68086847336065
111.14389612932717 508.4909650908371
751.7553835824561 545.1276310865261
363.3399314989494 170.53545093780374
967.3337064097899 284.68730303652643
67.5749243728072 268.86384100916473
415.4183892268225 873.253080554619
492.0247980400766 593.9388193953004
180.4953586594924 706.9425495793354
954.4544148837821 854.2366890735608
38.820734521740505 231.93932975629306
853.0508711557911 784.7405383228315
30.401991989955192 211.63057638609305
25.19596750134201 212.9578878223556
833.2375285114945 12.62433490343029
421.1466454363706 354.8317978536538
804.2250910483294 563.3637310050648
248.537789238107 852.1730557175399
173.22000022437834 456.438069127319
68.81695539744493 708.7481139380784
155.04376236383777 389.3232830414171
808.166008255022 333.9158455806509
678.8147532542707 768.1674293115154
283.15983386462887 360.7135994809192
24.79258103917481 835.369234205184
635.3579003462496 769.5509803827002
905.9979800563403 124.08119842311372
19.219090902243163 119.17790418886798
435.1905185800752 391.40064520680085
994.1765927794 363.35044563588536
977.356782878732 436.8960465767143
334.40374786033277 814.6270382614122
103.68193835697048 374.24762850991675
388.74811370705066 305.9842192961135
735.0478148264142 991.1649154185383
698.5056138510922 496.4494924992865
91.42108105161739 806.3763831939003
312.1522551372435 568.7069983164644
248.06533582497002 312.3689851318154
123.84628078993975 274.63859429259276
940.3312873529361 678.6885326944565
606.4585423620085 399.02175886823676
755.8494706752222 882.9945313979943
510.0847572571231 232.11269832709513
6.270238693914965 835.6957318928386
453.43824884037997 568.6016615237701
380.26614556828196 568.8758641643168
848.2169502598729 83.43427813069404
945.3322174246572 971.3513035109723
265.48426352501167 674.2516674089069
187.98964671410644 869.0857524098552
178.29832690969727 505.70907771433247
560.3190322918756 473.8196095126549
996.2694441550573 42.69071351761588
435.31952332231316 352.6542361879119
445.4210917547028 317.4468588159127
464.4104690588815 107.46482061059848
640.6750921410662 39.936133571606746
77.46263702730482 895.3975207095216
