688.9130950825358 721.3117284965765
177.5382017833066 726.1076631856563
808.9209653524146 200.37307794013125
806.600588431144 215.03127332237193
323.2643065602522 249.2994199816082
584.7634753534087 62.081175235169425
329.4080834255727 73.84745489791544
41.341973643009176 67.46339579745897
20.078906167202536 851.5990422683396
78.64991412631284 266.47859155198415
418.1256384192134 823.1959025553899
300.0122450773084 769.6892779839628
609.2754559230638 274.39100924443517
364.2520768723694 158.83571256659656
45.813419501656405 530.0409391116186
162.8261019137015 239.80101518859465
385.8163161090092 199.32760575719865
523.0074049268075 712.7141171904713
505.42180782799585 560.9114212703357
828.9924563367763 109.31928967429627
775.7166385343671 157.38290522891086
422.5347304899333 169.02896187124063
431.1785198259184 380.292691719447
895.6842637726385 677.6163989719919
873.2079892367551 70.20494601277238
420.4393879960674 676.2936155169908
50.138408671677624 930.6325186487732
73.59269437522941 863.958802595893
634.2132616199851 860.3767758053433
709.7806554389688 961.6868427418877
576.3722790180062 145.70873067941747
311.7221568237303 786.0755347766026
761.2885761838453 821.9923215055674
903.8582993480752 786.8489966687433
907.951225104001 413.76485663477547
54.08219747938159 844.1589090573658
565.1889992134056 692.9534330659513
707.9739428527275 192.31358194128524
36.88252926515045 56.820291924759346
600.9326593032093 439.20336317881026
338.21385853834164 620.394513211405
775.8240528804461 784.4802692021228
832.1535937206405 142.56078688319462
797.2383396498228 704.5891010655205
24.488138552633878 460.64071649286
98.1803031793328 569.0355354246551
106.03990540319941 195.21593529215264
520.9892705684533 879.8165964066317
222.33626159635944 105.10609229827384
521.5139676496352 84.72754034613672
123.83346945571783 621.8295999942092
694.043136397885 205.2981750595274
803.9041790963904 773.5379756631005
244.22021243325455 841.4010930151828
967.1479570290652 920.329797364199
788.1457362196039 467.112956835665
687.1865340531305 466.01372483135106
388.0989934002971 316.19916223873514
410.95660812456447 985.8039849920387
48.78605810988545 570.6315154586472
545.6145873021053 15.096340377328321
992.7482710192608 11.837135119058484
224.51952999631996 81.38626689760609
909.5419696126924 771.9163658902063
490.36166168695996 429.5548189699948
30.526256700535992 330.85613590475924
56.35611148189346 290.1626766960853
319.57297961539297 445.8045707589956
10.521923232546415 471.05573933715715
289.7387378759383 269.7615124888473
313.419409843362 514.5007177586396
956.9161729067231 519.5787315500484
706.3190820913021 655.2324476014871
223.7076818138912 186.9528549318954
694.6281634320256 339.20947724901487
550.2415863344822 951.1326190368939
600.5010931219233 118.53772114737282
113.37744110446124 148.3518098055122
288.91318990125103 324.93664954312607
781.723343909229 880.5376713612876
63.07708869624551 42.28647935629715
141.11497688069696 604.6338982719905
397.9340244463967 548.2084357349424
493.68279741972134 333.9166663966131
634.5529439683019 575.2947705470228
223.35984901577 403.97050483779583
493.62238643295075 454.5190049130127
171.65980364185208 608.5307148435213
282.8215358381164 446.52098506009384
699.780918353594 394.18741606011463
970.7083363424077 340.8753125475906
926.568585872504 717.985828539802
878.864088393623 709.1159485060268
226.59538355254526 118.24614319935145
604.3858231557243 34.20377540818964
448.59419911136246 526.4655904126666
926.4188076242986 307.28785256727986
471.7067921261606 356.95428143692186
873.273536257945 582.0252018485519
655.4860689738546 450.89566646537196
830.7729672219034 407.38846130653826
459.3180580423665 522.810953386719
557.8273074984214 21.803754172545766
7.904660911153494 859.946902293203
241.83495373572006 684.6266770312737
661.6760435087281 158.8939993015307
274.3606703942104 545.3766622929415
714.4776976663541 548.7829754887434
256.6421572262025 6.815821710728587
185.60335732566557 46.69465622898294
854.8293825268214 624.8707112657384
299.22210820262904 918.4589515506796
516.4612231350078 206.56093406212085
651.4743819205378 676.8065151781542
732.5363914600265 916.5117525254153
253.9878354598275 738.8768562170975
483.63688679144866 883.2921030260943
612.291188895124 86.37447619969629
743.9135792201263 8.733641383389834
748.580051253774 624.20485770668
433.3455858983737 426.55038361736786
610.515885812827 317.2103935830586
6.536206872841066 330.99257494357624
621.2155852997653 599.6658216114737
945.4099606588037 701.9323680246745
220.31544893889642 998.4814365474546
783.5267444155083 789.6933894595153
121.9703923460056 388.601943683342
931.3308466682646 91.09963757097672
672.8755474070965 807.8773137377852
494.50395536468983 947.6339179468426
131.87372283744358 298.7213648188076
481.69272867311497 827.2595334864989
912.4393762732128 815.1629456957019
283.23366048755196 813.373497688988
830.3056497324015 836.4333021210439
69.09879093322824 817.5231517305979
180.72790707127206 962.0226069571542
802.1375641471807 556.9323021445771
33.35404157555055 428.17766739894415
891.7924040072603 393.547335091139
477.397610585776 182.10160785654284
123.81596421316787 718.2272516183033
675.7872991734988 877.6556995314517
393.12050569602775 681.8662772247546
494.1921424122091 915.152334900949
939.7411089872417 724.6511250496758
159.29890872364084 437.8675746064934
241.99570851164387 535.3196087242015
870.4441279755051 19.190205704496588
456.277148755144 784.2009923598621
539.6804938209854 626.8636171202512
309.51323960845457 216.98270653606434
867.5831874014478 334.5663498957393
648.1829760279567 470.5620905221294
775.5789945105164 166.11487498043664
426.87864402316546 278.00582114353665
810.3067019891383 403.8630115723858
779.7541628543935 566.5537321826815
511.4949463824464 670.4097635556902
959.8031841746487 320.7680981136593
892.0692764149886 101.51779181225584
353.7604606306167 982.3429900177856
117.67734631688687 968.1827426804466
484.52245668889094 588.7528127522589
192.54743566927868 177.0834048176181
898.3348100187761 814.8329915231436
959.5721002270358 181.18148598822626
100.59485402576217 574.5499913235179
4.735577910961242 966.0287160245138
251.97039345605054 864.6315897731479
119.47965116611681 942.3784841309562
165.6361444817106 87.39283443496792
819.3295955818807 771.9876388966675
256.78173001945646 177.00687976752272
43.078522376847836 381.03377222527456
487.14631375732387 471.6339297803175
564.0542679224776 674.3620238140402
20.186278072978347 423.23586979537595
833.4707387271246 753.8145368189107
256.5848597074729 917.5678114019435
945.5907850760813 765.1848103018209
155.1625976163483 188.75236765223158
165.40554073573 850.8783150698349
260.85098893678673 56.00584521487306
991.7606633860546 69.14965796629913
659.2414856079673 484.50045819529066
42.337436588141266 555.825697893462
156.32479509946228 278.00985639305486
141.6221960060543 650.7133050316708
342.3863224458088 47.8999077439739
868.9751926107625 188.4289144944782
840.6256365981612 471.19069442658366
481.1357654828987 662.1769965040922
963.9187076026695 249.829387523256
561.9775617344922 509.04263472166724
207.24423312525332 113.97802479080698
972.0542592898532 336.6531936041316
488.6458386664495 674.034306142259
671.4524174711803 513.6030164850176
818.2044081685117 919.2674163761088
771.694907519244 179.8235861189641
122.34577883704667 685.3649719422624
735.9151897914332 398.12153583916364
279.91090006697584 468.8513488954236
991.2485080407287 864.3951483066868
36.76689576719705 553.2517336455676
343.36332258138214 321.5796046207009
357.33942950940735 530.0399933514398
490.28278301722906 581.1599545302921
944.2976689529098 946.8230660085301
621.1222392849442 846.1302226707828
111.7254237093106 995.8781439113877
555.0955862156943 850.5654281984499
932.4632007148914 868.0730775468467
127.12000579576632 183.51331773105463
596.9073839832695 640.364847175363
558.5746528506351 48.70092645515567
218.40468013067382 339.4845038939582
365.24616975480296 626.5902973380107
899.4813044171523 130.08142918324873
949.219723156307 151.60720753552027
733.4978145838737 412.51355210194464
397.4513767218487 794.9048755857656
557.9224934253841 983.6345779048968
166.98378357954834 451.8148992965993
698.2670072815214 313.3428159079672
275.2440991937459 573.1756767305827
645.8307961059085 420.3207552533358
333.589204635084 251.01812095976496
597.7507813158231 792.3084857146022
263.24032642895025 871.6275518472801
54.455710757066015 289.4177693512199
814.9752436438202 782.7896522449983
217.47547449045933 993.4081701646694
77.42305024007013 587.0672520718911
759.6574049095941 521.5102653780268
3.533279991810967 869.2440030992851
650.1929364557761 410.29544130019036
610.7671488449072 393.61014877153565
108.46017639403938 793.255107289249
917.7857519415163 65.55418960362324
433.53855946897926 745.1675617471108
868.8864964870315 241.9639794520111
410.35431264272285 346.99289464502425
467.16528929290666 296.22906844972476
228.76615663465216 736.9524686625199
88.35916168673874 696.1760638748947
368.5028415924848 156.61187741209503
479.5500481789363 237.0569387133734
700.7155644562876 275.20130152264676
260.3871120514919 486.75005115105654
136.0092689483814 881.0708482526687
839.2118987551313 946.622062149846
509.16959531286653 366.09280925868745
532.446653585143 909.0386348317925
32.40251950307682 296.98650775426626
332.8332112974952 501.3001311133215
571.7562092405905 766.955722653067
210.58585106168394 945.8183787208627
205.4956168563592 151.69251541348282
51.24883931441315 637.6389255437545
8.552448677416336 355.7156286688655
335.0250754464348 242.95281475716502
773.7739392499144 628.1755355632325
444.5694996721743 656.0305681027482
428.546311024304 551.6721271512096
51.71721550306319 317.0503803744187
234.4696380158474 863.2953494953694
378.342664052054 89.58150714319468
468.11272270121464 354.01311204716103
252.52334939205423 624.0229767079818
172.4783022232478 210.69466334322274
788.4073032996077 892.0864801320223
741.6599013104794 814.4719203300014
206.66073377398965 367.4519162208526
555.2740909428385 189.8051986882
782.0988150509553 149.01269896953016
614.6024409489307 10.5338256959967
156.07863055177472 175.6670187672341
148.97987119942135 312.3562542485415
283.46026012986914 565.4006662868413
458.8172955227048 835.5981939142446
97.4188660180746 26.445542709328084
840.7480391397736 227.7918264254758
570.116096539415 234.58763319695487
300.7389280508853 172.50230751111184
223.2170970275138 48.236792062123726
902.6090020699667 879.0028868467986
299.4648867192465 441.66004052570383
22.249778460153635 266.8133629343793
745.0009115501003 76.81900432546051
481.94290203221146 609.7806290116384
871.8470998370767 505.54131907654886
524.5225339234509 366.2947745384725
70.9412672166495 96.29460584729
853.7312978048805 415.3973194293351
228.34414950930005 913.6211450863555
514.9702424861114 942.9530724690571
560.7133430586057 943.3299699908383
219.74479577774608 777.7207218183878
430.8651836000612 252.83241466737294
827.46047836099 64.07141702966945
330.2232260966503 903.5462045338495
89.82301130995619 776.2685732962058
622.1775653280679 691.0822345582417
435.95020313306986 728.6365157975597
828.8563664194618 78.96699181390376
530.4030670896241 416.60916308200535
213.53753997870052 12.94324513331102
571.6969277580444 235.56452648716441
161.90448317733873 655.4298217834735
815.4528238380406 367.5143659837152
397.577287221039 463.5113122227723
604.2030952668451 900.1327839824498
380.8266837686962 448.86679795090487
264.9651616360925 548.2714568627165
334.1044882489087 904.3361346608868
596.0494455227998 685.0231804057009
214.001664908663 359.36149793202054
306.16963387576567 257.5597081699922
606.4707195042753 35.33064765262439
691.773797655652 562.3836566643892
960.6264970874679 611.8877035100791
42.617566245158336 785.298372418993
796.1651374782182 686.565940239343
750.9515852138353 673.3140441256253
520.4188536572627 912.6367576002713
866.2969302004619 698.8718803254412
273.289147949621 433.8574253927938
885.6342294819445 601.1824689906719
781.7787895520974 899.8394300717137
897.933279400174 245.1389235346052
550.5691574561619 42.04888416053543
812.3017381588602 325.17849096379416
841.0659250513163 517.9885208318952
290.6330711044184 559.6314389307812
798.5627054769674 489.90059177862
178.48556268940519 670.5094197559255
775.648951704375 194.36899854795465
682.0252959361887 624.3496791617753
369.7149782639675 580.4875436776049
274.2183324129892 321.6458692587145
943.3831593651527 946.8010465929726
330.0581030858403 165.55979615505623
428.92162119950564 391.0142053645904
788.4662976564422 715.0228960718833
31.172476770668478 801.5030753619764
717.6063816085477 933.0001744124354
38.25402360279051 65.952198988109
520.7011371873962 377.6030727921085
325.2722387023356 149.98045252545654
661.0466198176052 51.90265028730079
293.5037006679065 707.4066874668945
207.76689510019165 527.7073435574512
925.9889709989865 923.8463770657372
207.9552492924478 389.2348316795218
360.20141746474246 366.6183532770936
876.1989335186659 4.520496543290231
879.4333245034164 716.4812223587074
859.0869370652981 125.57004923282022
506.7680298628445 390.50657631675654
380.1504650221231 842.6770487497181
448.9825311680641 230.43640906780715
899.788727031517 973.9908479959221
482.45267985897533 627.1605365788164
35.08340961781342 58.333967994421364
999.1085506544821 679.4891554645153
876.0066059062684 737.4324686758986
837.7149401887696 244.18438994377556
507.3796989597643 463.1364819364225
214.22819869582622 24.25448631719995
500.04049163012456 145.87254781997572
34.70700018868944 163.80240090770272
370.0291840414242 572.483168076706
625.2315671180498 170.26042327948443
521.2040928863549 164.77319548157777
445.5122568206689 368.63093306539884
984.5503361171885 924.4966565174908
666.3447958210338 507.39298378914776
346.5457493912297 216.18183616907817
585.7964698808752 582.022935295177
619.3003068622002 376.1061468767549
734.9836183740457 419.6169337604563
446.78660476253685 3.8969641824406764
181.5277484474317 76.89157859595174
964.3303810633009 192.64791467758025
977.253912890114 643.8787646187526
832.6323035840276 884.1050128717097
916.421669149559 616.9190764038573
452.9428588593051 997.3902395769219
771.7554786680342 607.0979517189055
136.61443781112126 972.8948540009827
957.7678007635593 784.0570080629626
50.10612352978916 897.3887891923393
134.3452181125284 120.15292744354689
85.61801609197006 432.0557765745352
608.2936302442981 196.22446884994648
417.8837455860537 352.07903245232484
516.5160710811451 57.76793778140665
399.251322710245 624.5654985616334
681.7225148748956 369.11013525930025
618.0339544803569 601.0113213479949
720.0479929271311 903.206880405544
399.2141640522635 81.17448555980033
449.68175250082777 225.98457639950342
761.9359172829447 717.1357887064854
900.5870030118946 286.6807326360431
864.821100272817 469.4923922255911
257.61679103412405 509.4292205817059
267.9987011575586 602.0424102911736
882.808885528936 896.3744363389724
919.8354439954821 6.983653021282232
157.36830249321144 598.8878981694279
636.7096793599119 489.56305847410266
259.82348745647954 390.99981089327264
985.770750381644 9.277553818793361
154.06789689492985 487.94742192487695
903.4780862264638 774.1415886897262
999.4760241173258 192.78042833259644
86.81585607549691 515.1998034586649
915.0089851974351 925.2535655046461
179.43041382275482 230.3783165287707
530.2015681311597 289.7749994420258
41.5395133564177 179.93142109314962
38.14909560173418 972.9683425468502
940.3135717854708 940.1549341319156
529.0891545895743 426.44534647772025
326.5312059971981 877.7013698153733
227.89968302399154 486.67516306930094
973.662361466467 493.74629079731255
884.8114174687249 311.37523561793876
647.1342900170795 705.4190280751046
975.8597285957721 270.63800058877575
144.38720826466243 281.32528762731977
558.0763465720659 721.04639068265
500.42750193569384 328.65302624063884
594.1496532920978 912.320707096725
388.93872560577734 941.2670950616381
312.2571321721471 628.5777898668182
265.61144710343086 861.3623386416577
699.0013284544201 550.073004182247
598.2050321040824 281.6587568577067
536.8566493910239 736.3346936844518
606.9559095486584 720.7862404089573
492.2608786717425 77.88902666735208
299.2982389039387 241.42093325792956
636.462482433028 41.31349841791909
224.4646778737043 148.89898219300224
438.4601864468651 541.1450141005707
296.38648322071526 707.4473477156926
707.8491524681629 312.20876641207127
237.41369138712298 341.8359336382317
185.11363764878797 727.2222276396049
680.7275152969293 254.16886128309213
477.88324811419767 607.0685051559368
735.9191637512514 378.69698163984833
823.8960097276711 204.92133749178666
870.0601924414541 121.94794019801647
724.8883383825564 210.44427745952265
285.6916149924491 391.1336436873715
840.3582577602227 316.5745596087227
587.5101779402844 0.7099117822736423
656.1254191901439 618.9420135028139
421.1321338768984 665.1261219059443
349.8368842350742 876.7618985625951
940.1659675387036 435.2175117958874
964.0454827295606 454.0800549104398
411.92743479871217 616.3566314398021
467.213416678017 581.5374549255318
7.481772251342278 918.3943956529405
533.9700874597179 431.36050279477666
838.2994127850346 830.5851021290247
908.1805060411075 382.072429751001
599.6630598250067 989.1045711294972
25.856599965693228 764.460258359923
760.0658427212678 610.4335349699143
169.6702833364202 326.6207621268986
96.19136556715313 900.7934622218936
802.8041280108665 633.4479695703475
514.6684404911736 719.9853879816025
887.1017482087799 624.7138461347699
524.6446144491426 677.3969284865722
928.9563466436018 595.9329372005209
429.32435844027583 268.6060718035546
216.10323671018338 937.4904047458657
289.96896170012263 622.9249702492917
209.45757195764082 70.05263335358636
982.4574446160207 925.3909519983157
336.3661980778593 148.0679744390524
214.35853536170092 601.1255424946411
495.11835142369773 268.2046995008639
199.565747975054 905.6470352417126
425.2866630548038 115.86208552186028
797.8995127023544 651.6355729021307
724.4467987315529 210.4297865575998
318.6809359094013 420.8145054068605
699.0503131797725 168.7594205763351
860.1343551681923 759.0248080054704
425.70175579561896 696.3517224449489
10.576620371968048 533.2346369014739
368.8180476756311 337.0513563859393
972.7029690451429 841.1390390489237
651.624374941726 364.5808257612143
688.881236601406 607.1698712852215
609.6674879764646 583.0337917855618
343.2165792562798 273.14897971785877
569.5039878612638 218.48705217800946
695.2520907471526 797.4829347039139
889.9473835775749 530.179972264686
60.52077799555378 513.7107736226783
179.2348618010048 247.2487549314637
394.7666003742978 267.3805661004234
258.70064982140815 445.79210200706433
861.5041391186753 649.6448432975056
882.0197915311369 21.083976992136044
466.68706847760666 76.62869648622417
438.8126809285782 481.0383722405647
829.6083310011879 925.5387382178452
872.3770158011179 389.56966140298556
925.7553502604752 931.644820596805
823.5408700527008 422.2814275485338
685.1962007408672 574.6807755549776
576.1065185845886 661.9558538312552
659.1733733285399 238.87431925845692
724.0818530083376 457.6045190367333
577.9339933824831 517.7304515462752
606.8721814712192 898.3806190997464
514.4262058298447 152.85657064723512
465.83242980250515 712.4418353937713
541.3440523821907 745.5318435044921
964.0556761433664 190.8920677405034
223.10337242096446 560.3871989856633
181.0008221800782 558.2189254629578
19.684112835522072 452.4764050283098
444.538913472709 63.183832734578615
695.8751498438918 192.18296195965667
395.223990345546 947.9096363082822
127.30951133450208 236.82132228312435
491.0706625032538 367.9502062163801
473.77981766456844 303.45515601465036
755.847853335964 282.4159348778561
550.6745506377334 934.3695731440403
949.873999393689 310.7670006347891
370.97823087942004 614.7979737581853
499.5260542511756 561.6766423667502
253.12930576606817 901.9183115554711
460.15083288482714 479.40469432684205
594.1318762052882 454.79820671800195
506.7941371678847 824.4113674261798
392.66811715829306 816.8812644138941
448.1394734611187 7.4798887432565575
873.5608011108613 295.7722284939891
41.274739690753016 130.40603239941794
112.7858861360912 309.49186018570896
948.3817982457838 251.3513616101154
391.33748054745166 124.03670370710596
521.1706754176842 589.2461669726831
116.59861947838479 993.9932012498416
724.8561203595734 609.1671679490845
541.4729880854771 336.1192781585912
920.701666734658 189.4041175522172
184.38437560722355 715.2209807788525
414.63191990193747 360.96855915041425
807.3518418882988 102.31544973341333
649.1413116446377 431.5865926249647
44.70085801964663 76.98583612780152
666.7030891769926 658.7576116053564
291.57134833739127 388.9978531095373
5.110261112746373 20.248625358839867
259.2358755229108 568.6612320940491
498.6551415179127 45.43426803702244
683.3422980282336 81.08428446683224
553.7821235770147 117.18041095289766
31.547071369701808 856.3830158399553
343.8238186430954 131.50939246367034
698.6067698956746 896.0706023996457
24.658184865601672 911.0730478393316
99.84696948737026 55.267355239849266
511.5999871041848 308.49974309912153
278.0294139004199 31.034898282095604
577.5670652890192 506.96952848890265
123.98961323793833 49.05265855084351
33.53823640756026 627.9116950922947
78.01875034635674 734.0189605313955
534.5460503487769 389.5073590990138
226.81540369646268 173.57229892757832
117.9247920756904 224.71914802398095
39.93422296101501 241.1937016897485
925.2596878397524 963.8587292329377
600.0097199805053 830.4639875496271
685.4610609946145 914.2426363273598
72.63575987571724 771.2142523951576
443.61243994176834 928.274916163218
334.6321893886177 847.5223432101672
708.7193536365235 841.3355022334766
133.53179570455188 518.1713241064627
663.2113332549715 482.14076303136477
886.4726443660078 652.1007182014857
328.02658641364457 310.7832925914119
243.2819947686633 834.5451183476592
609.335045197205 623.4456846088653
836.3897772385244 573.9685973779236
966.4326503134292 177.82303637648556
219.3111427550536 45.56785534558527
35.065466575516126 39.577583664016316
855.7891481313202 844.0307866940216
916.4194651380889 427.688109750812
163.2902307895504 586.4011923754523
999.238216002898 345.34555802489075
37.396564463907936 105.314730450213
121.00689140841581 823.0855764575462
987.7411470590749 403.5348803597872
593.8682130276272 672.1379974097831
1.4830180513913938 502.6320617851197
121.91198864151099 748.5115390497842
516.92109682041 811.8129066835198
918.7066142829464 862.122136379963
437.69768249132846 667.3208523066617
397.41773990829245 630.3113961860382
947.1430392707315 248.49327160510802
650.5853163819987 771.391386814596
992.6649855026504 163.47449403768755
562.6073961042786 561.390832065892
701.6884930851043 615.7477281828205
805.2052777117013 435.9665982190501
663.5020279280984 212.06379132704333
154.62093981913193 9.484008554663802
965.4687979305273 153.00765544781046
539.0250938184632 104.55774062980083
107.41284835433929 759.3583821663017
975.5895912704566 737.8851511491321
434.5912359157935 30.562461798326446
88.90569855982 391.9918976568295
527.5154101804496 206.0535524730095
215.90502755069173 317.549619353541
65.98607793500932 105.81672559959799
197.16788648521754 57.214071877312755
45.057847341835156 363.5090470684104
830.4790364869159 859.4710474987103
862.2510557215851 533.6120005771611
619.7184466636282 159.76712970574914
718.1801211917531 453.5059036576029
890.650417923437 846.2404901112767
976.8692128118328 172.0202007933208
564.9016257729719 598.6567993584554
617.3773043725425 217.92756336279928
884.3948760787237 191.69395670021373
674.95673209253 975.0140979137448
160.73177772425151 287.50829490673914
617.820711233954 454.77151508564407
187.49461892900632 907.55466494843
934.6965813728792 813.4217188940113
298.16368666738003 469.9206812023532
818.6934557091314 546.8978986126125
178.323415720683 5.976061900464291
724.6146119081221 415.5705865750426
448.05669632308656 928.9251875910925
749.6959633016444 799.9210033644819
718.9038509156011 516.8920240904656
241.85410777743098 369.02815173298984
299.48896112452485 94.45383106729754
774.8786364923125 655.6502143637659
974.8926970347029 749.0804724659913
646.6051900753396 374.8447539532704
317.0780489705244 302.7245195322212
353.9570735593492 97.48646898097458
797.1507647244958 173.84650757800458
77.84515577572093 195.7051394993633
564.9641738211986 711.4489287537983
71.2666452397962 814.180500362109
137.55350268912457 560.2315467617686
985.5461477769948 989.395000205928
395.11214637682247 624.7693907460002
592.5123135135127 938.3591918685736
221.69851954798858 240.65453152611227
64.50648185673103 968.988762732531
847.5886116433354 231.83093070312188
959.4703255743397 426.2262960801737
451.16641202039375 635.8914857100876
324.9614980531096 581.1646824256143
860.4703859539026 12.89498077982576
882.7976151156367 394.8435670208981
257.9909895407937 418.2998129994644
85.13070178565829 644.0537169941459
637.0407677236917 316.90070668661343
943.105491840749 983.3988944342829
383.99527225552845 942.193264184789
920.8570100786661 136.0283311041378
767.9292545276883 864.3804232374877
860.4536822936005 554.8673323058626
307.64940465868165 820.2742980295824
857.4946968363382 576.8374463271491
955.8516525374188 179.63522108398888
242.42105705080897 304.47158810776295
791.1068543673829 775.0296245693736
339.2019344894767 192.49393341711817
440.6064802929788 206.07703490320804
470.90921912923125 591.3480065239737
770.0750606459166 143.99543864330212
760.7945483144964 305.3207197896144
471.9839450410792 608.6436999570564
637.8353408043957 559.8243086575494
59.176745716773674 667.798557162086
597.3169328986239 640.5617378144947
428.2436692869913 517.1926833980092
689.8703715396689 866.715574963696
595.4583589418115 439.87963263795695
416.48654588641057 490.9643604907628
427.81773636374686 714.7803278112467
192.37881795709455 581.0443827327007
192.70151673436862 146.80482784371452
309.1682190540538 930.7389615187533
531.8948526868612 524.7324796329256
372.716568727044 572.5915193114372
29.19412435233881 978.0720123677933
523.0344708786583 520.3023431959798
885.5422923554867 900.412930152571
353.0428535489055 955.683666175145
341.61707968595357 834.3179180865571
334.5680979018332 193.21107893370626
395.02153352697025 471.5957429049967
732.8024887249844 404.62393114582994
47.70308872808482 712.8323813759409
444.56326630766097 266.69098482935794
788.9541553681775 551.3480516219395
931.0349529852609 407.17189954046495
270.32347048907513 399.28604202842797
432.2815523777872 767.1691470714397
160.99392736229677 357.3291119761689
948.6662747018217 772.4790293912779
985.6597269130662 844.5775000376142
53.41874346173492 512.2144737429211
341.6615629169383 951.4123030469689
460.94008788609773 959.8861881811724
268.11559909564266 855.7065758878286
417.0392430059634 640.2934287677513
696.9983745260473 651.536003300784
400.14411377920646 44.98885076276515
854.6262586998896 979.5795339500299
326.63370501526055 529.7466557961454
201.69492245183486 919.6898507514102
438.78828386750024 389.3769421686013
1.0205421351960897 708.6526836534503
320.4566893359252 298.3933509389801
884.3511102460831 979.9423195441059
33.39087289232667 330.455150454834
853.0929136488068 387.3207619265895
196.300209003487 325.16906979519655
992.5237669229631 670.4162492878714
939.0285820146222 457.7499109749693
805.0408786299389 447.9560570916159
55.85968537293873 485.20361161571503
475.21822125678915 283.1182370285318
354.8072461771479 292.10969933924525
567.9245407270469 855.5046851563552
153.84824932945475 39.745135434333555
630.4797962581354 395.52843132932225
110.40908347324651 434.20448427896065
920.8043295518571 889.5462245570841
87.01604585860035 372.3365624132496
15.741826159287985 947.8566010987103
553.8728848934504 498.7307318021608
367.21325729462603 642.7231128457303
108.23039831762004 12.65079921328649
968.5862059188469 69.87113039086046
50.76339753494396 400.72832595005724
169.61976827715074 864.4457208020522
600.7734375327457 639.3908589882058
335.5726508933522 411.2071023911204
254.88597927024304 810.4154920667854
484.5376664278528 28.779738432398116
998.0130148112087 3.6611838451895418
256.793339787426 979.0593116986485
560.7031877420324 842.948125144779
570.9392666618501 755.421810687359
683.6036604550894 964.2163720307425
103.80861934140462 737.1671653306859
397.60894209626383 299.5094526961729
294.62793477537554 962.6698710954008
657.3734590197547 75.99366583816392
918.6205109231739 469.99702098795035
276.21712148613517 26.136829593284894
401.22654181706463 381.29431231046783
2.0531335174354126 423.33530663828856
951.3399284511852 666.0287516423004
746.8204548258894 206.6913037559448
280.4375430600551 308.2163747154149
436.00379840456407 639.3071204802307
144.20407214388132 424.05240536111233
680.1760070335065 656.3767724804642
194.23164712167596 728.8997356170687
487.0994127831044 302.51958222485996
659.6001831939894 636.3815184615208
530.7737495405835 432.2144651455612
191.62082260757296 187.36195584625946
72.92040110507192 152.85746088742192
799.7517736856263 952.8890477665149
492.7440956253767 326.8794007266794
182.6718702195672 32.71160983642807
522.4143014471236 817.5245251200307
915.7239415357656 279.7723533961666
708.5610150071736 62.3048464266629
894.417224125509 921.1176293342818
324.18022901938247 988.8093742575445
153.40343029259284 816.9535033397908
940.6967200166767 249.46107567693286
681.3188156496503 702.1170816968742
136.5329181178273 244.97871739535904
134.11039374959165 888.020936361542
366.38424720792415 430.7147572909359
412.9414470149615 68.1674435420061
844.5029737222193 955.7043819894647
917.4975922631071 66.61907486021035
405.6442471013955 771.1751026606546
911.4919179778492 596.3498514766425
698.9292226087682 963.4301732816282
844.3933772352044 353.19173797121016
742.7321941651159 215.4331102285304
661.8800476128957 61.12947262662871
822.7997579266055 982.0850523045607
107.24486865240269 405.9859241797805
951.1621583600574 176.10013098313925
766.9580501549135 147.07921592208285
619.9976788659754 904.5486718135435
145.81749587758497 80.22211920719403
382.4636260281302 70.55190794645272
370.5942059902596 940.4730833239363
871.607873498053 460.2755814371818
215.8070756176692 779.3372886570627
228.82738478919063 272.28464867715263
21.237443166897908 828.6554490012273
554.9411518881045 914.4844766698873
728.0207239242092 372.20685274456844
919.7968335654933 293.28888887706137
698.6287183610867 686.0923644789424
670.4318316927389 750.3185124261123
205.7829475128632 680.2520633660259
263.1609931703316 263.84790729083176
476.3157903184395 476.0114087340089
611.5651503981904 525.3831824388097
958.2229951920648 788.3387157531579
990.2053774136181 26.166546843503724
42.62731196013958 646.5359204889145
862.9907181690925 344.0677777715592
817.099926445541 683.3736522223924
615.4770821175367 408.23695633691636
552.7627522156688 950.2204073520351
61.978243903648476 637.0568586716088
534.8213214968179 974.5054149466574
771.2201253351486 494.3473088152556
534.6542153338639 565.8928274931193
708.3717708164039 189.43793929778897
691.3123208683605 698.8349315652769
426.63777614469143 958.639943865501
821.2565718761113 651.7103522384956
58.19875100207206 608.8114544720966
207.39085170826056 466.54285132976014
652.1374210247167 778.1249825124734
731.921902088269 708.3348342656694
986.0901431475527 674.8097220789667
812.3055575337645 449.3395869644482
838.7148169415162 891.5557502155351
975.5149266254497 381.13403098833606
851.6677212845677 261.4304561709727
63.092474929070555 966.144404268324
532.6336750347491 620.5724366062564
997.9250900501214 580.3149493725049
655.0550246192087 773.5918051752888
763.4068918903008 669.8996816921745
295.5569695473077 919.5197835817171
746.6321732433415 47.895786457855195
16.66802457211425 289.31471612881666
879.4864835091421 589.4267489726395
250.28607234752508 770.3456550758486
74.98109269899767 750.4220942175425
766.4418869115079 848.9388319265106
300.90213733631845 530.2294345079142
222.26405553569884 288.9860938589739
258.82269578564444 726.334321033406
177.64991256339314 582.7786687345362
43.752511962325215 588.1516784025765
636.9995381545143 359.6438155454943
348.17630680336055 266.89206784715515
130.47111693752433 618.6256174511251
743.9588231129758 779.7952738110791
583.5670097134115 863.3656483023356
326.5706168533744 559.561935593005
740.4625835075146 960.5026877301141
538.315833741962 43.60429467305826
704.3401332063478 817.3258162840391
300.71903742633475 172.7749054693637
237.09279071337684 780.0777545168694
680.9555647697243 115.52210110663985
821.1142807079653 991.2209403655556
193.18568604387931 10.959689070788482
127.49224909053736 812.141771126166
492.87978490721883 33.127473102316344
457.7743497422011 817.1830059981195
660.6984591355045 618.7581911034897
930.5777445511644 795.5583123087539
492.2176099493609 272.1559202457705
669.664418982151 659.6168646632547
210.76533813364827 963.3292311329554
16.70623414920702 151.09033764147296
802.8644711424095 769.312516946538
839.8150456060677 761.3680791660352
739.2500039893782 73.64700236310229
338.0149063218273 337.51087396377545
189.15867125136242 335.2825567700488
352.1850236386227 432.6277164955545
961.5633158735288 165.70043624726873
84.60342958687572 577.4034699426163
314.2517804810482 211.84605497497233
302.073323645928 298.9802635721762
460.12676651858595 132.49967525897287
551.7148495350302 894.0588607182481
69.82909832756235 777.0027430306934
653.8578021454479 675.0006065078461
320.7640899865486 527.795755567526
753.0710463375411 650.8742396052642
74.83657507476593 652.0132638418801
506.21682578239023 379.8068670972293
580.6773950883886 422.4202309376468
565.5195627854873 34.66095640323819
690.8701731433364 714.2634126206457
374.98998885177605 560.9749105060812
960.6639629874352 762.1503553104275
440.1474394100062 174.2674043697532
151.88418866695662 769.8572140896517
653.8343001857737 343.2209080926821
604.2301045640473 106.00669694582987
965.0186357314045 835.9229377619079
655.8746550641637 889.8452860758842
662.8319658314334 368.25826851764833
796.2581341175135 873.888868639286
814.6913819917677 886.7092616241298
516.1941031112851 663.9946750592206
945.2062105936343 542.2351199122676
883.8829071366046 482.4560308257458
871.6714369219467 967.5656349172839
720.1537769332411 876.0065615814553
722.3011233073458 557.1585743042896
872.2340606711102 998.1582320633565
554.9575288423163 67.23381457684097
492.5699454960887 354.0878646177098
666.9819167599553 2.712098632350557
417.7001581666203 186.32492333514838
640.8357081568221 938.5492976619361
711.9101333466073 0.7830906618303546
405.6119671073708 134.87221609737787
191.37122747217228 85.21674791381817
111.07801682178132 548.4851095580451
276.69573881944467 255.97277700266417
408.7627033296859 617.7307802257725
835.3154393976088 483.94711459133634
813.7025083227593 3.3540173922748107
769.8172434367359 496.9445992713362
180.8125700090869 804.9288889305202
984.3469743238115 933.1794846551153
971.4504484240802 640.5759605163796
18.418324258519412 129.44352998932084
908.5915288565564 377.1091950350884
75.94044426304613 167.5069325665306
823.1370820237823 228.41651016127372
397.0049760513165 373.6072597584602
979.2271360055422 401.79219625852556
920.9487316080655 68.41991817411174
933.0321018523813 465.10281484202574
971.4360667919071 998.6930517558868
27.34857854275785 132.0833430830034
257.7803346735291 546.7689123735813
953.4263161069587 218.72320869555296
831.4514557254097 510.502487044163
421.8048637564754 110.61682317369947
762.6923138585826 973.6276873871881
875.540360186299 199.3168573736175
