769.1021238531226 221.90286822361537
180.10948321944 610.7731852897604
392.9352170920902 285.26254544563034
399.6260741303337 557.7448508463731
139.26047601983427 4.833720352911519
528.978702364593 238.77296278224847
217.51991754208444 878.6127400325007
236.62327813718565 547.8519684064042
153.617332004755 257.4731221453117
763.1415522770491 795.338060862885
700.5375861512958 83.38772326263455
720.4583453894129 559.7485597150467
321.24415535069375 748.5813453842826
171.29911651834828 379.31827465573906
623.8898370844905 869.9561709768288
910.4266963768132 185.5650936399179
251.4468907619861 90.514783747073
694.3920297162706 526.6245863849826
506.18209356960574 243.13831321546542
147.97897181454945 179.87174288422048
423.9733917644075 341.9604061743634
213.2180720084952 711.3553457954607
104.28474294209167 902.7101895219332
300.79016398928627 903.8283060095584
848.6860264743603 35.78026434133863
753.8355757656228 745.6653786565266
64.12532300166485 604.4087028186989
840.6299744692305 849.7174113234231
946.7311911666725 495.2469629586694
255.28363015615597 754.1587318432752
677.7428006811974 709.7179354123181
24.565638923055854 546.6425176508305
235.23625806157222 551.9516759094291
794.1504304691945 648.5868549993585
953.6353653806252 662.71890804251
699.0287168377257 398.1713664675269
647.5659775928167 28.665490290561202
410.5210632312445 278.6330390342261
457.4329544277945 382.28323808100527
496.27661749361715 252.70675059153692
571.1689882374113 600.436011542212
929.8358728672239 684.5645910840115
629.925612644163 807.8924829145204
442.78068036192474 757.3654103726619
935.0458655730316 897.1996168527722
425.19084250309294 127.53393126735213
539.4793281603693 87.36415360879057
249.0715142275236 796.1466767075411
928.8702651638331 961.1915656944261
214.61091859335403 823.3098449962085
275.86991746836395 144.7657453037561
800.573375949366 563.1716941716297
185.7938831356065 422.4342429183379
537.8279578400127 555.2202326351604
442.5670116370498 616.7979109978698
618.9582708098494 71.77482124396006
510.9668709973514 5.585631505570121
307.0941739321761 592.0874189058909
454.4988135356719 395.92831143613404
313.5516522227789 150.22834638984682
487.80479364867233 231.42872998711883
576.5625018025621 586.9374904902099
598.3289999890696 268.55696228602756
292.32029099265077 224.8816773931477
544.0334765574291 426.2833634286426
624.7651220085442 382.2647316789055
62.277265723479466 386.4947975804495
251.9741993454635 441.49637367123694
309.5428682999474 402.6215723798551
794.7214213729735 897.6325445633879
392.5143689369386 560.0362929635816
216.71347049642486 925.5583056241751
348.08128679996275 424.16794672776746
486.2064760302116 525.3920800796104
83.16336161749238 610.907755960085
145.1512707742484 232.34785626581532
594.8211382057036 318.7660366996862
944.7116235852566 710.2995864216177
256.93776758570897 273.3721193529545
374.9445975760509 287.55005268535774
81.82769280812042 852.2920663941238
741.6279050575941 638.8142748289135
643.4484584399294 381.77197155031496
424.6636303906085 369.1851924098044
783.4617014658631 726.8973428558454
90.18424879145948 213.8572845819051
312.21010213946454 332.79166747706546
922.4310571959863 931.6416212478281
663.747459291758 816.8605041168256
391.67094603614305 740.8134950555501
867.3785693257198 60.71993349668814
680.8628665709731 322.59184608369696
257.73743534250934 505.33087255946594
656.4802829274453 0.5572509532040248
61.25059679954992 13.994294186866263
187.84153334091513 693.5731996175117
368.90478449373734 235.24413898023454
694.4951840477181 635.2832344807313
33.556862286829634 871.3084737039098
32.65288693171053 655.0142032674964
714.5948825938167 637.6917256664659
219.35729271134375 22.923781550877486
633.5798369657665 985.5638834927931
37.018268255390005 476.48813580324287
601.5671042210798 851.0250017104166
261.14569333037565 65.93376401925654
532.1275326350365 793.9468482667039
110.55260119936872 882.9747229576478
963.6583939197848 893.9755424111238
531.9975147426775 570.2247001203992
80.39442803988695 682.412391440266
100.180349621251 747.9115524439948
343.59955966676495 206.07283695615962
639.2016869125113 140.02861160818958
122.74092220328181 42.85598607117325
153.03996356952587 233.81621158230558
651.0155786738411 718.640494672798
290.2971569411331 764.4736846499062
220.4225024216866 511.25472579374997
362.4084354547484 181.26046138876652
778.6412689610082 69.65257010752369
884.7065462247087 521.6524094403869
993.299803409217 625.0588077091119
716.1772031908977 796.9776603991962
408.7838030699908 825.7306176391444
136.43697938019872 75.96362228618614
536.5608868107763 388.1148487706698
617.4104771391181 941.8849383448727
592.0625009317657 824.5634460617251
622.3788507096859 894.5099521406855
119.48702932661692 481.40214369648857
496.517324731088 569.800952972076
930.4582797778993 1.0303254036371223
400.73407255928595 358.331342831389
623.2931475032744 107.86314007807995
284.5689099791848 117.64073757424576
446.7031310540732 310.30904272423123
94.10493642155782 194.25657764345894
425.0743038955015 709.6095441909495
767.2918566722404 897.8690611239764
472.041130507714 611.250192453783
81.77492997188041 903.153544555945
684.889176784991 45.78496809802679
89.26911011231876 793.99295175698
134.39256585273873 623.2987329397694
695.7125440301652 110.35969940818902
243.01231814012613 369.3656880134908
927.8797951825264 809.8754536957539
278.95178666308004 320.2440830064118
564.829718112175 14.074024086400572
584.3858063310636 691.1805958814725
106.50881230194065 273.65105229824303
903.2506812729689 374.08033408293375
502.02568289033576 357.4915868305986
577.3020810314865 369.43168316915023
666.5579298279862 747.0247106593646
438.7186163036356 512.2572929139194
578.5478854812164 600.4620837083008
943.3488275916534 512.996205883944
667.7891815175697 940.7351834186859
460.7701102950575 901.6040719682553
280.20094214407743 216.45352050921863
665.6474822472408 936.791907067226
236.53229035440037 186.964379838765
659.4518444722157 922.2062182315218
889.9349690315348 290.60227254631144
792.4162328991893 657.4863787190325
631.2868155950979 269.4736131708029
152.67976803442684 944.5177026175454
491.34477946912705 844.6310019924206
342.8891687854353 167.83196175793003
345.25088590254626 662.2481879971489
474.09778923850496 972.9890959601062
237.61059059967295 564.415305159388
272.6225655384481 977.9075118396851
515.3071483638685 477.4315723492404
817.5896068764417 269.492948346705
780.4122866627523 855.9805171948174
705.2195938710041 161.54788574650692
156.99771430509745 673.3303306190388
370.4741377876579 319.828003229192
3.347799788811945 405.710224606216
887.5047736602459 896.2429157547638
995.0190371737189 323.27116092008845
817.4166985035432 756.5831066109668
454.3871861916504 670.5471158755508
575.1793797160713 234.78664473656053
908.7680191134244 996.0911607621968
347.0865978300122 101.64225648103542
121.89366644394195 973.9679664431172
805.9890539486746 596.9586266559779
262.4707210865064 549.0427019487661
743.5924714513484 441.6120923788935
448.74281283878 133.51369379755906
267.43488237534893 719.5178491485241
639.4247422002323 883.8940907148391
394.7269168813159 399.45287537974696
729.0710109608702 795.6559138724874
716.059154428468 52.79106049285931
749.8867995548258 467.00722265153405
299.05121595242645 15.594459549713724
282.18474354880266 903.7811654545375
155.33708535650092 842.1367207650146
532.1363134990672 664.1736692052539
403.85190433501907 401.8183424134253
48.16156300171082 975.073958131827
729.2057713340404 382.5653983592705
716.2467456779818 190.99017432934528
855.999908221813 281.18694530637987
499.67438256813665 112.08013086262159
538.2616059186332 184.79839045945988
370.0955916161751 229.55502042833487
997.7439406143676 777.3017252445288
14.570123933759893 924.7315947367864
835.6573008105252 41.04551530473199
197.1444250439931 12.266473140417178
189.4691977220726 66.17099351196521
103.73391166155687 788.613671338343
309.73007482923407 228.78328113883651
605.5202011838754 923.5044437233549
791.4525338200452 753.9689308404883
138.7702768841421 115.25646536016254
410.3917889846166 340.8150576897963
817.9290150383996 419.97679465630347
886.6456840677769 93.96686064642657
474.032448943147 560.2313860215678
926.3127629196925 479.89391117664746
541.933886975836 320.51133036517376
576.517274050651 405.91826274791356
107.53108561668179 344.8340100707129
269.9301474604432 806.1899149546286
970.1271234541978 266.0750104427535
931.9854761188205 311.1785666762561
275.2535578826367 117.13476600096374
177.31235758184795 675.8828277634955
129.72941377547386 400.80127080900775
931.4719693291756 646.8411399493644
623.4252218152557 28.17840129514826
779.9105969875668 859.1616164142176
851.1461138534825 574.8070274356829
968.1089513061864 172.17050297030468
853.2438159144799 949.1137495798052
255.22904566776216 575.9118564397653
875.0124532039359 619.5804194439885
758.1300450918619 430.6142529741653
982.6182003986593 5.034781855039916
513.4444361586576 337.37239068769253
867.2587345383466 496.7206948361265
732.4767375419028 380.67492985197725
619.4428375304458 851.3145108361796
627.0069251444587 832.0425699528704
361.7268225861097 370.8112137130568
243.6511997888705 658.9227772836553
890.9390134396335 368.21265061645295
960.2529339711673 344.1211054507876
899.8690734827766 907.2072032072676
169.84707417538448 588.4310715929557
923.5944165795958 699.538578335142
206.06152943678757 442.75801369196466
887.0610982064048 345.5191570265502
748.389294245008 295.9149196023548
18.23187211540489 811.150641621463
786.5855772210001 930.4007357119632
935.0595635540631 149.57343188116312
720.5142614235148 550.8550861421324
914.7389591389997 995.0731573329494
325.088665624096 288.51572495302247
710.1362080735353 284.6310156467706
119.5215269345814 189.88774504098572
790.9893174600614 995.0123912277525
145.91953116714907 108.9668912256071
556.4194031021782 422.64589287567077
284.3284590447905 239.74167699955473
890.4871846034509 679.0526629239548
9.654559040121358 249.3319044732567
413.97451828436095 626.3441985755344
930.4587983128322 102.00417325263345
923.2664391484452 435.31381363125263
540.4403805225248 700.4377532196027
801.1541907514395 312.9055337141058
360.4967224988179 412.9966096279025
634.5750279389529 716.3515460865465
52.56710311043222 404.39689669706604
880.7500479083426 548.0273576976077
146.03737596265807 442.0413000842469
185.87655248884627 408.08144949570436
733.304009209943 511.42505535881753
879.4767520427209 971.1541814585845
863.1652989429052 141.40067629388108
242.69983995752608 949.0084200787145
389.02851990122053 813.7219713229318
380.3199688547999 902.6523199387367
713.4918382048809 211.16994786592613
913.8679387437292 375.54228256990774
211.67993925823836 344.69656342992596
257.27929948724307 433.7119350530623
112.78308620820066 792.4048783715325
936.637818558111 719.1813009187285
272.5691855102864 381.8172943725553
272.0373981735549 549.7571949760787
579.2091397098683 651.7654219862565
752.2818797464887 431.3445400049244
700.575659451926 341.36958436098865
602.0867695697474 588.1460051649649
503.24645592105475 970.9568633603666
366.64267838414446 761.6342972270559
751.76268735544 303.40106643049313
819.845251820961 580.9407106550988
631.2640747819911 104.2495706112374
140.19200916597796 265.31007986825915
227.44244292331152 155.1359292588852
92.2914633609272 283.53065134812505
344.8252843074121 917.3585346619268
902.1256110518779 865.7552800429378
947.7221655143851 591.1401037257739
620.6516590802194 939.8880070809322
67.73592225007886 570.9640804915805
33.02483885777618 147.71765804986404
237.5622290039554 458.5178610780193
589.668923683889 85.23846239618437
382.8702279331374 862.1549607746591
410.6164390918856 807.105091409174
632.3779455666655 185.42154168052883
145.98633413895223 936.9273305906652
690.8062943156164 487.0749865066345
363.16161676439043 433.11772276047753
260.2159195127781 281.15558571384304
175.1749966805788 174.26292773239638
492.3012220285323 838.0546211599889
25.0060157578309 48.49777763505081
607.5363660801247 146.15580248666993
896.9383891117735 158.11826090588664
626.6383756231944 198.508536505969
738.8213002975518 83.67832684036658
625.6327542046812 680.1257724311389
548.0242938450134 891.0721135713143
47.87722374878722 448.8807578116062
399.0700420658402 710.612197414702
384.71979329130056 426.61078945771004
672.3753128363741 268.8711212882218
971.0372619805727 646.9181357771344
881.2249506764126 712.0623292418232
732.7211155569726 242.291468705508
788.0497043460263 423.99371952384945
470.2473717337186 95.55403369363557
951.273786974427 312.1348483387096
665.7880390465905 729.277449716759
450.4431675971855 212.09754934610692
860.8916147951927 761.682721316887
300.04119804435527 643.8359229383204
367.58039781514407 918.6831636089059
981.3433823226228 142.1312995788575
447.783077679056 159.10652039943207
596.858493015927 779.4339639530093
124.34093613502861 943.7664146480492
383.3481751399768 300.89241475731865
471.39656417191276 58.936230629751066
707.1131275417014 499.4081688853622
572.7942904752924 690.9111562014173
209.17876956768987 72.81183372577271
334.1917279221115 640.7267542606842
468.20861056267506 225.764724902908
987.902123166738 666.7359937834777
405.4193418000952 705.7469870497117
439.0578532213878 947.6284705277242
668.4663255639997 795.5020501230855
567.505215432861 569.6091469728844
400.21398887618744 23.564434151449486
221.91133194015833 758.8362706887532
123.50061323656647 0.005993944144466745
920.884210360413 303.8515146735773
954.4525623286072 836.2932416814548
210.47730553547817 242.61709535847976
994.5981234587966 66.15669584333084
218.27002955641106 424.90907468613005
545.9764962991101 848.6303871768889
191.2866020492582 3.1972218674810593
743.6328952730996 504.9280011262909
708.3350952718318 253.7756138621522
306.3358373378899 117.5795502899254
816.9193550593673 384.79089582774606
369.0482249254042 3.260767970597267
560.6970001370054 148.9472954793224
779.6289252479975 360.00438937281797
235.52624823670044 146.05118955617345
817.4368924009341 284.9914783373909
240.46545081514225 674.1901420662456
22.955701224220306 660.8775837459087
574.6590630434828 868.2244207676018
715.2505010508269 116.61715181791476
871.8640159602976 650.401858358324
818.0161746040548 383.00704490934777
361.4414061706642 710.2895580812077
815.1696423038002 883.6779824395165
297.9577357542076 329.8490055586093
13.385046831877801 329.0203460567155
211.1111675898033 374.3636710803673
801.6659902347519 413.53894336705275
793.518071254234 181.0611080470207
266.99386749175403 456.3886911949355
365.96557836671707 394.65473971110885
350.28733017934263 970.3514591493072
638.0561688704694 22.662502546216267
708.3520860884394 696.2717041966657
916.7405904756465 113.2431713318951
585.1972445646338 597.9766363155171
6.0559256548171625 494.42363754737505
290.03789014427383 676.9643218366521
788.4554850141193 955.9729900225735
329.50025897915657 236.65105511407003
881.4380318857746 103.81271496056388
847.9905732711371 402.72691467604193
822.7540063741653 871.7343072355546
792.8839406844858 289.1765610444009
953.2861264544479 336.3292253307525
140.13525672993566 188.77992729672044
538.7734428601253 48.4181650569292
591.1091176701416 562.4152005351859
699.8664427011996 567.9002909358936
382.8713728606643 403.24451192695665
404.57273524187474 268.82483216935793
241.8795837940255 759.8705829576674
117.97217706600816 767.621375558712
54.95626288673616 816.8099477715207
701.1508772715083 519.807083368702
531.6223165491796 951.1369250859162
804.6239060478752 229.1224168096504
988.315066508626 610.9095510555582
311.08698022494974 717.9296097814554
397.7096549554634 693.9970527422863
348.1570230660377 818.8407684292632
15.307905613230366 345.18605435989923
13.833064330858512 664.9257255564918
220.65466528261467 734.9504592776743
235.72772188399938 479.4820307992468
691.9861430110187 435.02782498095985
119.69110561048957 596.2327193438709
670.8108217283205 463.9529861974816
734.2687440582963 976.9501943432996
866.8683832512539 939.9571467620729
524.5051998252007 935.8870833894382
504.1073713187966 549.1489946148943
451.9260519945617 129.02828580571247
114.76803368025745 713.651659457925
517.1004540116511 121.06076739228399
951.3516070130514 427.377555589476
537.0075780175816 4.090651516237109
305.20305554009377 216.38063456435307
921.4996535659008 609.5199507241242
595.6292022114926 576.2338186053302
721.475650622159 828.1283134982925
824.9197605255549 540.6366973874373
405.9490545861346 433.2873236954704
882.3341063215364 743.4667360695408
666.0140024423201 588.3686293866059
224.06152846597837 450.74493505446543
40.784461193925424 911.7892001042977
656.3588640082337 559.4945936577907
313.7007152365204 571.7702226247706
305.513638448105 487.2300374936084
437.16890029086187 387.76884663285404
370.9770738494099 208.81930832102768
209.31838640599344 326.67485349307145
926.9560054679235 436.7232248203671
48.733150328001514 99.24709055799474
862.9487372646254 86.12098103298405
991.3328797944823 785.8972495911272
35.15421771558791 718.1897050151783
468.15032478626387 550.8116136924282
838.380235789193 612.8139566650594
513.5715355045637 539.5340075321506
702.0209720551536 486.25846748430337
800.6757743958074 997.5160014728388
463.86978442010883 639.8453937806353
303.63261126073485 495.7732773773756
181.97856357354303 502.43516383896826
446.6836354523738 904.670037068658
707.469868137134 112.51785750565347
315.0567182957678 417.985857279714
260.1539828681032 74.97965051687994
875.2311317964517 496.8023019768698
323.99777009620357 923.117109630876
180.29180822366243 76.37959612970036
410.9377761360627 618.2293096595384
220.68200996730548 759.0762824039776
629.225542136209 127.1262738265383
421.4828985587956 2.4976944198907836
536.4378715579658 632.1493428898569
784.4202821529504 504.4416016940645
457.480637855039 948.8076171800336
326.1176239580226 84.84283837367457
304.3597282040652 152.8915343831202
773.6856638986966 369.8009746070443
947.1882683232805 251.93349101579022
444.5591808249358 493.90780970872805
354.84401840633495 975.1423724019912
859.5614863145724 854.4750326972589
48.887184979205635 401.44712831559883
916.4975213850415 674.894230409589
895.793013560565 197.0421225461414
386.14722225289245 764.2452366169089
900.2496741019639 691.8351163700308
83.35049153092766 396.40047976035
456.21704076339455 888.455898349408
312.94595171086115 674.2570618473738
462.63710232815316 767.9924431448821
93.64567168863557 93.36007793350431
817.1322175016508 933.3779722977662
222.49846634522353 274.0640238602009
63.7226991289448 714.361436804383
458.4146224548916 992.5119384643878
389.5406306331689 347.25069327598567
975.2953739845567 708.0942896265593
740.7120290938446 738.1259960640086
763.6304805209229 758.6834188288021
559.0244276467846 619.9792907691601
843.9980760117674 274.8206724449402
528.6933093248408 622.2421402419878
996.720345862195 650.1678173224243
766.4847256703534 885.4235518473704
209.00028397619408 97.91570485183532
88.64803223760231 374.08623942944166
194.18350256734385 421.4771337008771
344.5569775778404 968.1479418323147
147.36089615381465 632.6726387392349
319.65362439038535 745.5022740232138
367.346981340862 461.75174922964624
379.2337826207233 608.2111621247434
497.13993766786 120.97401528961949
849.8092796401448 550.029104061716
913.2894538987498 907.1080447683948
116.22643075746275 414.7766788386314
229.16833273427162 358.088586797056
550.4161533541251 953.0893881804925
967.9649747422733 715.2051878557686
681.5964735800882 349.3250741598949
208.2832498972067 384.57838944726717
467.94304852584713 160.92094636331188
408.557538177294 940.3125023000116
136.18875257268337 789.2498658342913
676.0599154788978 966.5966522677375
818.3093542184704 184.03213925026506
462.09797351489567 697.1585245816179
133.39655920263215 472.61789257147313
37.07116672249433 977.8583189689815
938.0157636874203 600.9624977629329
127.37416867251461 551.8430339134669
699.7909759775972 874.8753072728019
780.7063029538645 46.56397964674785
336.6545698581619 498.1297362238475
867.1660482537503 328.09342103498926
908.1449463092205 818.2808942680855
620.5800815578918 80.55881770293061
245.33054979874825 11.544330576246153
277.8366316021906 567.1463473096868
462.38377213923343 364.84743209387915
183.56337984234327 534.0075552194759
305.52387078457656 146.17314505862987
693.310053015043 129.53643918215985
463.99310125902457 293.57276584444634
830.4666899598056 528.8668307797021
292.9258582316263 798.7332516872217
930.4682942950019 677.0726044855169
879.4155444848084 712.7416161018291
440.40766248696474 194.4361941369983
20.779527482189476 159.69709062471216
632.9974298697572 23.283901919838534
477.96764772111544 608.0795128046366
240.89399249159493 838.2689058561579
817.2553993444018 920.2903169540616
920.7149185907347 590.6157960617259
259.80765126959204 377.539888512587
15.652945642918414 811.7238678883452
221.39452372132695 960.2636383979386
301.4091224200857 462.65800651928936
643.4862904070524 653.5058907897622
272.23857232654234 183.44002966714322
792.1493578907729 442.2197436334061
52.22220613790596 769.6855957058941
932.6108833252542 963.1877768002564
201.44822769460035 584.0142455093929
175.05432691404476 488.27678220462576
527.607799444376 395.7940791639218
831.1548337964725 27.997710609501514
510.57912523733904 835.164009864659
821.056794691199 864.8493392210015
100.89465754519145 245.9102252636084
26.943174636952616 752.6824314041767
462.55681747825895 226.65644107780315
2.040027271843936 351.32849250339973
696.4873663188471 560.9593356587973
112.8456609341273 204.99578448733956
702.9661898180196 554.2845602288905
17.569316523308398 718.4420071245786
119.73567833143184 19.470770182216658
365.20871711251357 136.69199304361868
707.0167791728308 282.17210905503987
737.392495587933 492.07586012569305
641.5035481492407 613.902574617344
149.0572923187573 846.6208504178202
928.4732344005391 442.6883036957301
874.2260365830472 928.3385899392596
544.4689391247986 539.9666248521797
969.5980995640961 436.70634420113873
982.5825587967762 137.25371611211145
631.3581184375838 875.6495068382575
588.1860438013083 587.2354364246345
439.55525585180345 761.5898248131009
445.02894420380056 751.3184638549949
619.5997733625018 449.63198327026964
599.9408783524102 769.3121647235648
681.8697763761446 622.7188498938191
98.9478891684601 246.79407139542286
188.11549239839053 696.5933595852364
648.4315579261362 181.84460957903104
937.294156087245 7.66328658126425
712.0306267587459 145.22010173610812
563.6644208891721 671.3723785419223
507.3046230918806 326.6648612645212
396.4129627171763 425.4395422178118
675.7499509783376 64.94710778215807
442.78347217120273 605.3355723429628
365.5784038843051 390.3355730080722
525.621233355209 638.6243789009005
88.73913049028093 925.6165775062786
931.4436467888889 90.30391046435804
991.985052413318 215.3843554739965
406.59145710650427 343.0395624016703
116.3547378188795 183.2199662792572
976.7105800523138 454.1907073461905
810.2620740718571 952.5073155650509
858.7607049541932 595.7886146019001
708.4548219706196 709.0171402236314
684.9409107217907 754.1324185853966
592.4250702669992 632.0230636434013
364.3689501294414 42.4267188074392
7.423766733270165 175.5962569061179
171.0454414807786 62.89315333401713
727.0523662439349 142.85853189518593
65.5798793391219 244.04530785877333
28.47480810856218 63.35586171212449
833.3505126187212 974.3245687966594
269.61334868704046 357.34778637599885
353.21560323414656 655.0523918474979
444.26190331487715 650.6905929185684
198.58868624511416 503.66192237652973
231.87144743790532 390.12495939526025
816.636171587306 52.42996909482578
555.8315448357373 601.1618326018688
731.5501401046223 808.4381336282879
817.3929974186816 229.3928200529206
574.2956368397939 467.2497038607737
781.9465770289775 10.934390923532767
253.9259204686125 405.7964751048855
560.1933993883508 228.84795312427374
254.50540012191624 919.2281473849263
248.81251191484378 29.7605981831055
866.8744457223463 811.9836175967723
573.5517336638891 198.5440715569067
145.9364567472854 505.102842189616
312.2381557887388 418.79294433496705
521.842149352876 779.8040288302433
366.02495486128373 82.97439552265706
287.3915658586473 641.6103552784199
94.26136365182425 658.5067074139736
634.1700637388199 559.8170413413751
931.6932315703119 464.65461583802704
516.3788345647703 513.8477664253263
366.2715915441683 470.0136137088758
384.0171514906758 861.0578940661313
71.66735785236122 381.48769507088844
746.0175996855104 29.798470922956067
360.66010102655457 863.0477997651606
599.1317461585927 437.0639665055371
153.8896589141716 196.1913610452566
989.808388017129 831.8040390520288
343.02934433460564 73.90551393701861
364.0024827509655 472.9872939396649
768.2596680240634 506.0702389659617
903.79753276117 165.76302889336546
26.992630320498034 6.619641305569468
749.9198191104499 199.57491782545787
984.1155872416016 331.4130819942248
865.6683834911651 658.8379806545515
163.59547304605437 40.65021401156665
310.47944663438045 409.798182203877
167.10320390803147 70.79699434190168
860.289813960346 306.45219693771065
887.3895815814539 318.3725496132559
237.05886274953758 803.9119416555288
562.4630146981134 961.5795910031414
691.2536894531497 219.3570528327762
651.191123841349 875.6437399333554
318.798336573024 338.72557394122293
101.7672366312753 33.860295287228894
287.9320650389201 931.5516414283836
831.5542304632086 228.729155357574
101.61759232326106 6.866323282362807
140.13768781070658 796.1922621637361
127.58600739859082 319.8354911741933
336.991095888192 280.8699627201167
890.7991364390574 721.8168599670361
80.97594161683064 141.3259721215674
42.05671472520556 435.77589991644305
800.969903419699 661.7731950787235
491.67012666547095 234.50778340238477
95.23680417900727 210.26578238734007
928.5704324882889 800.8711659329252
191.72183456234836 863.3051107443713
832.9132098755142 257.24663392415715
392.2766455117682 202.92075587616998
134.18839835646835 965.690761600289
920.8883968671116 784.6697747489552
867.038353546293 220.7646843764043
749.3076862935045 373.63103236856455
533.4330980015221 383.77378217392254
783.0404572452278 550.3535032585306
392.54635842895226 340.1625030775153
256.4893012873305 699.8508164173282
568.6220576276763 901.0671101940924
308.0998349970099 714.1167539381469
692.3156377467618 915.5357752523955
484.6880299779098 962.2694327427016
772.4402686848075 411.68420331549805
358.69526620126857 212.3146615693966
132.74322613219834 43.06244160220418
532.9371244559701 224.65163537834587
542.2827760831793 480.7659833268203
54.483571359718596 679.8273623424566
118.17171539606575 162.33278265248697
662.6271537609375 951.6783456549136
185.89850301663014 985.2250992358755
355.467353654354 991.8815519929043
45.13275996454424 115.70306796686647
475.4586809779334 253.06914684484727
507.8665382380326 73.1546771085011
886.3406334068671 145.04422003940977
150.93896083591852 645.4547043409298
842.1885546513065 992.2677925115338
456.4362345654264 992.6828518885261
833.893515130096 840.6701617547798
401.1550465643594 504.5394946128948
39.20091276732751 747.9720042323925
600.2623519132231 591.054409953793
999.507136298383 384.0843516874848
810.4797354394132 606.6929486562765
799.9338671735152 866.7885251663806
454.56640736237375 534.7206811733888
338.77035930527944 762.7802811772457
841.56939853425 891.6961613335855
238.19382350398976 95.29527883020106
926.2556220260857 551.2189868693101
570.249060854708 16.915798167227656
776.3350791546803 831.5680872175719
850.387830783615 529.7911599694409
397.5305601697573 243.62299851455904
685.4397410243356 265.3875145035149
204.24363818470016 753.46912173982
53.706012637873556 872.0152696360204
217.51282798997508 278.3448739866388
441.93829879669136 0.765102957576036
22.154707520447015 405.0974832970763
967.2846754469152 229.11665034940688
621.424039269948 997.0710850019893
171.85545042762053 516.36661621762
590.2245861667751 438.3594028326667
393.38175048994617 946.1556107466528
346.84731845867975 753.6123927684013
487.50997272373695 578.7563363490664
938.40811298782 737.0945334670002
205.59572421194693 209.418150084129
466.60249623718573 526.4499525361723
716.4310464327883 708.9460261997095
168.0900157642098 764.637787860187
601.1591399641827 408.8246092489166
207.766454383574 607.7582797565263
147.70088926917646 685.58121790967
443.3770313186156 356.9988743197396
924.3382053300995 497.7138127735682
776.36960363694 419.6865146356771
421.6690208337751 133.39358136506806
216.58160345830203 637.4407020834833
17.969536234009876 838.2838955674267
457.3000035259616 758.6794106970507
645.0693265985421 310.20055327009356
582.4291314992032 978.2380087470269
310.16535587732164 270.97114591343865
508.94611531272113 18.618895544183168
63.57122596216791 455.7336943595036
905.5192408440614 185.3974324199874
93.21838086539103 396.0481851035197
622.1097342705477 193.56784550364347
373.7961189978376 315.57687346983545
115.57293662044299 332.12013571116074
701.7377498226573 305.722420380639
962.7200253911794 710.8971384073352
6.830498855733391 703.4955299245258
314.9965961389055 916.7885841064386
547.0470554957825 255.0165013426109
67.88026089410127 395.57711210346804
965.2668671884534 215.4383588203872
593.2940129766231 271.2582058600569
214.87590269768464 9.711470606601601
114.7781165781373 116.41505174909517
45.803608593975476 458.4925887142457
192.8579923391257 395.2357669309736
83.3761499497313 859.6344357468895
331.9912371468572 915.0195727031875
529.4354606332398 408.0740547361561
420.6723901304905 642.5252104367007
168.4940858116295 535.5715650635909
572.7187412833626 668.2733656109481
671.265325635048 756.6335122994847
950.4563412538062 934.9225333860704
153.72988402079469 518.0878244129622
319.47065227749806 585.0954014663367
571.9689639878044 367.1602081697587
409.78124919727964 429.54080034054755
811.3154170673797 476.5347568458863
639.7457089142097 88.27410049641126
262.94388882550214 194.76411680967055
396.6925580992867 815.3465910940847
271.8418691842953 826.5275211194801
862.229475370875 882.1524061922606
87.17347281625965 289.6180003231662
320.3668569959983 664.6891086810034
849.368235828982 644.1722896627545
993.0435848119363 256.9462012749142
707.8376391148711 744.5406179596201
710.3360617733983 515.6032373513181
379.04205377872 425.32555733739053
141.5775362397592 930.477357098289
326.70149736496757 700.5023701608968
888.8097237162264 610.6677693724031
274.26363518074913 428.16630511237065
475.4342443685021 978.1024434956256
944.312901931479 773.3343380338499
150.62660667863258 468.2000828458417
760.4249038098269 587.3624731359795
474.02065032120413 651.6185619348297
744.0404795135088 514.9223385071888
845.3670809579776 711.5683478373243
992.2543229413337 238.11290339075364
500.31452586165614 137.92754505600635
931.9831703735376 772.1672466279041
6.157289632051088 832.402952790367
11.798916235007063 138.34596054573245
960.3389354234538 558.2395309711873
614.7825695627458 56.99227393360895
419.6965385835919 813.4877740363042
754.0747592787017 527.3562966653938
569.8752725809574 758.5975353791501
547.3694625556604 290.6792515681119
282.0389479287726 787.1131368335163
557.4172784633876 209.16064801466294
497.9465065879146 692.5039777212645
832.6755660024336 535.8145996259959
834.6609725357221 154.6712770128601
885.5623846614928 898.8543158838927
406.60156307905083 446.43046405629826
905.3420095729882 579.1263682918467
625.3456132829111 843.2758014849799
218.48989013851227 320.2492569261051
656.5322733947047 208.99220756321378
381.4553535345041 478.4937549662248
288.4148298859305 625.1863813695554
319.06033302753843 793.0751592589104
198.05416680110412 734.5681881842097
606.3431474230539 437.4102221737006
988.841386724414 675.8197066155896
332.4765311367628 298.02491411113476
916.9821153832659 102.14845466878198
982.4592805584798 620.1813447735668
924.7713966284799 796.128300951242
425.60114588179874 257.92536007767154
454.93241135691767 820.1895885746717
409.39143523712863 771.1389657539631
532.9885183849624 975.1280993724392
923.1613471448744 523.3148364224547
773.5822493235228 578.259800541699
418.0209902090767 751.1525134585463
291.85160191402304 218.35642426167212
147.87198651261812 300.7089216819735
982.4180218514543 196.25487956002675
830.8671413820839 354.71915638398656
266.23656551306607 818.0410313782121
421.5085410578366 11.835081895940514
199.50373618352359 571.9660706680825
30.64642927451644 20.913626045683586
789.0139191389354 490.7622268896064
933.9608700385614 322.11799959830154
464.8004761661718 677.7813327696795
169.07876215663777 301.47921268662816
923.5931726107316 58.388644729297276
437.29935215356653 826.6967027759744
975.5685524766578 907.3011488631138
897.971221260061 199.341218812219
602.0655054513254 598.0682905694538
971.8843190677632 132.25445281521874
163.38343660690248 322.65007960145795
454.61105736972615 740.8238612359012
583.475706281908 237.05601538856536
81.55028579145018 322.9431141400506
382.29654798561717 603.2654783459863
183.49899381483792 394.8521524875929
626.75472123475 18.158630042118485
224.8961543971455 48.68286770505947
227.6725186886013 746.9442978616332
826.4540738097795 202.41990873196235
522.8443333885727 511.57901008041574
339.71254148068954 724.1186706720728
755.2338635578026 823.9297718948678
163.12136832711155 729.6050052665859
880.5446942935112 98.94029046315156
767.5776219171835 576.514808720766
119.8443300017371 334.8185665067597
833.9136855961224 207.41337692433913
810.6164456569122 105.27152176654775
995.6527212748402 530.8685186395692
403.56253330069956 973.0701471487156
427.4188144758787 471.732772691343
902.6683683237858 204.7361035994969
922.7087439635058 170.52428841728783
652.4965928958126 842.8995002460465
164.3031224212764 566.6776948095903
139.36205075398655 775.8839421414242
606.4148706466052 261.5697156242435
391.99142763941154 433.33423257052584
759.7430775439428 124.60671794009026
642.4645811851773 132.2088784863159
698.9208131589468 579.2945089516074
139.67977566310407 899.2176714548381
296.4158954661006 886.093313181852
395.2807035295826 803.7927295863936
27.763561270239933 24.993610555282263
685.9282615648688 449.9388028655632
190.08053029195727 973.1316332928646
335.9955827546157 295.8166018607945
29.13033421985245 271.3958229073291
161.20973303372722 896.670707640498
579.7800539325392 778.8584211613006
466.45950803668035 999.7215419690518
990.5084850981488 424.9993275832259
159.93306295348685 658.8984297645096
724.6971124951081 587.0721923992913
870.945657086485 182.79905815486742
309.7540933516766 443.59495069673403
440.26179556627596 781.0176911205625
239.69337731321116 284.8310701743407
789.4124212985295 231.99331588965043
227.61009034509183 297.25882318097996
969.4527209786625 759.7856324592708
251.56425464541033 781.4105796129223
139.80110964929415 577.6956976835037
740.705437190251 111.09549179320277
334.24586834978663 233.40482366026626
808.0402708076377 996.9024148128692
133.90083647059492 973.3137319588105
652.0665201503266 778.0127788644891
785.8368753844279 833.0219539967337
121.56621050271133 533.735567755493
881.3113588685742 56.39464126984717
966.1719177509259 779.8096180352984
438.963142514051 747.4221996072406
479.8894772660205 394.40124193597546
126.03539324330559 367.08590964434586
85.58192097290673 204.85808204171317
394.6350795660386 801.7006416333111
905.4885377240786 358.6624706163871
510.2315119556098 249.71302247288529
516.1741022199004 200.66106076121793
806.0435925338343 100.69208240416216
895.8732836634017 883.5298401681379
9.658993133868087 313.2564136435846
38.015845048658406 349.56642560332773
157.17508099530187 537.9402978509205
826.7878979349279 639.2846928936301
435.3458662284617 376.50855565894005
548.905674247617 705.9193843230323
273.66517574841 720.9882001916105
850.3479911362111 44.83090432011305
146.01114632701206 73.69237061551226
37.613962975669324 482.93404860689117
835.422554266773 113.7699714209761
370.1430644831821 415.65639328867263
365.7729841257911 546.3224118733646
393.8547894913137 627.5654044196824
410.5539666866117 446.88645538190565
425.33546231668174 587.6859739214183
751.6734936024758 897.0899421418954
12.020004471905876 771.6630278364105
280.1218620817254 696.5452936356228
565.7872198328466 130.30635761250974
105.5518278234251 331.5532013467727
395.7066183515117 297.68793751324694
573.2656657816559 182.94666822431606
50.24605143894034 511.8448768731846
374.7966300091029 163.4140421586784
220.0690390636656 507.27345713563466
482.2182092483427 588.8961588951101
449.62149044293733 830.7831340572017
336.5091546193404 109.16235320844103
559.0272174634665 130.91178447093455
576.7483707170276 949.4259131551825
987.3828054580637 975.9865582009907
609.6082079338078 547.8692765059096
234.36191044035115 667.0471478144233
487.5610928405868 913.2053461542805
199.1096669776986 329.2315721938274
889.4082997469327 671.9106763400503
493.7285883825545 288.85697078454155
478.18652844704036 826.5226954243165
743.226839324553 373.3111076431624
549.2021482020557 704.4021120467797
474.6208766296303 307.00242544509905
674.8887877454202 440.6185655159076
444.9542961126236 819.0003410137766
3.3789517358033816 609.1262131284707
161.31505012346258 426.6292061144715
974.1262392554282 293.1527652097966
905.5039077659674 114.16308293208766
476.60927958482415 968.7343722133174
791.8267018621391 286.90031362142565
897.0942773803147 64.58575860753446
258.55389806711935 448.28095500460176
73.6284642124454 957.0032445565636
921.9108286956342 21.341615312383322
910.8817265874502 460.25586141600814
906.0324492471988 615.6859574051887
294.14908633707824 580.9279025165533
603.1367754426386 827.281784305247
985.772428415371 418.93354098309874
315.2415557329751 350.77791337966033
387.4342794577331 618.4326328965118
382.06887108555253 782.6676887684004
408.2230099084143 698.6339588496296
209.35260292048997 998.5080570240068
191.06282453808353 927.4805475821788
77.58459290374775 398.5364547403968
119.04823813669685 140.46904731966947
733.3046295294745 633.4100642202544
348.4175158752836 52.363449851616565
543.3608911364412 645.4255787427535
96.34502645777631 161.32054938699002
427.13671265525386 990.459487612494
49.42777626555483 302.95325344719026
872.560487683545 442.0023509542682
552.6865940352956 276.1148590343271
88.78578424966743 821.0433201901391
689.0980099433293 732.6957485855269
751.7488335898965 844.1935554173415
966.117777215725 700.4813818158904
858.380908365764 537.3204471952866
88.35282786815779 691.1286452948021
921.0736058764604 423.0971327278169
214.48301663024628 334.57528999267015
106.06535024954134 258.25459916252913
171.7303879670098 876.7046062987753
947.7373465075206 569.9566897224352
332.6178770618586 678.8462356687962
955.3780105058738 620.6007967760905
246.45526057765488 65.70068574685995
769.7950719033889 716.4802957462556
661.9358400115899 482.5339334514002
524.2247284074507 968.1268929020551
277.42165191882185 942.9955491113247
717.3076420521631 708.7848299937498
411.941218553313 175.67218353281567
215.47170557670293 782.3508523032718
802.6188652194018 710.4955552747833
967.8824717609009 823.24692462515
903.1995991349228 385.3823733774383
639.1912635368983 468.0757841766368
383.5296758701975 398.9910090738432
643.6326189689042 162.54195441627283
11.29711440078951 87.23784264756551
998.592000097868 857.0033605697556
735.0331649543607 59.22389629007163
6.585601695480392 420.15240821604414
581.3196164171186 192.48023150692495
21.664176470733597 42.707091924305885
929.3432612147241 257.9482230896333
459.57317971055056 251.62648947291456
832.3833747500981 621.8691298809844
770.5717369754236 410.24687511406364
318.51403662527065 554.7643091556604
309.6333854452473 740.8686461828436
21.74788449072429 166.94636387959062
910.8219645987041 973.7057264313668
70.04329619758909 885.508268273418
500.9558390651948 699.7430935868799
888.0428929639245 689.496020894194
272.244569147283 384.930256451015
460.1054699366562 27.97792875477956
774.4020718078702 789.2714115728228
643.1401184571617 459.9814825199773
783.8107716694575 226.75594078640793
318.9451762134414 575.7764051103323
960.6314976259664 700.7057494955719
532.2013897265283 685.7408275854701
114.32417443928288 453.99846799543855
272.9626805355099 96.05452120156389
363.8647795898965 884.7588023270375
231.43426821137746 529.7217775824181
601.0143452551841 95.49264333403929
678.0224774220902 396.93361665641413
443.31561107097303 567.2717555740905
603.0863974277655 170.537449920939
298.06454026853623 580.4596006236745
388.5163460246518 80.38955680103521
249.3221738706608 39.60132562252128
577.2100065502012 704.6240689509967
227.10484427142296 302.4841809102872
756.711906033782 806.3795002427846
321.2094944831125 462.00745802393675
179.7274922770088 941.2821013408981
161.70168327252543 284.38319292809024
506.9182107779244 943.9926988427098
3.9143108336768817 668.3227433283386
976.3296624509928 391.381928500942
527.8753384676348 57.246183077713894
378.99945620883045 535.4062509132002
390.4028883696231 710.1847926043465
451.73775179522966 0.5151724656372592
252.6765281924509 116.92975030706154
685.7679179961926 748.4275368644791
346.91406094744445 129.11269930503556
93.86032384909282 427.37330201268065
642.8531877752614 571.286728130584
178.78784362682475 243.40407187110003
328.0578236342783 194.70935861257243
202.37660904859268 918.1343299583057
625.6390577695458 841.4115597479677
867.1209721465999 130.28248243037467
938.8014175916754 597.2700929167861
691.277206771626 77.63919115429208
933.6948454056516 530.182823419495
683.5452668794812 441.59763195654125
450.3736886446753 333.07961533118015
404.8937385451136 88.1389176000501
66.2337113026148 821.3846587421696
142.7781372588862 297.173013686735
727.1192648236461 770.6780406718395
716.9482833770779 176.3937457096535
108.36192823566293 22.687924323992135
386.2352061144937 186.31402463843517
271.33359525216747 136.37738720687508
432.15433887283064 379.90563722568425
740.6660989220211 115.77227870693574
257.855980506124 43.275052629934805
343.11032861319234 907.3099566046925
259.9001018454172 913.0654009738271
21.078412919907752 426.871035765549
305.52768361347694 41.78174423434944
362.23197670921314 850.2895511009881
379.5456556172975 683.9953828600168
771.0507559086413 781.0192339230933
852.6385834216138 284.3897507571598
49.13542330505871 694.7669674668244
866.8650141856023 762.8695148011034
648.0692483022852 753.2867927638873
534.2917106325226 812.4610593374831
11.98333552775599 678.161032271492
1.164662602008315 852.4913696158721
236.54045114784915 880.2777253749841
942.7107560280663 612.5393627252615
736.8728517475666 451.8463721533499
722.6094170797006 61.91204982028786
739.0801084553196 945.1767808069565
276.3689130547845 544.9055226804967
188.21247655476313 86.07905693248263
759.2871473209186 533.8685797055426
100.23644622149708 699.6245371409801
137.37222488784917 370.09448368917333
476.29913045096004 162.14165945565207
193.54347515019776 726.8246211921925
644.6783534025291 635.7024313106975
871.6285072184495 299.15486330535344
299.12569627369857 189.98860923706275
487.1178205834481 402.39430949883734
561.880308634928 671.3090963433405
96.33321975739196 743.4324789565351
115.45104722600364 839.673480642967
234.61188706624148 618.9307087436595
819.3353539860167 862.2086949564716
309.3034396555768 189.65903007117814
256.1634722243151 724.8391299365293
164.82197936318943 282.0601082003706
336.32667568198696 504.03319386952893
724.6912874823953 376.12721771723403
430.96874582903524 726.5521058641419
159.4661638753978 52.94323464379103
500.2900393182538 237.5193497229179
729.607906808645 195.73352806115918
337.43425765999433 95.76256847457454
308.8380746498115 665.0449218815726
357.7974383346086 20.26174746680798
606.1893703867485 1.6699394845096638
329.4202473953993 822.6709396864741
273.91780116273077 950.1932607532272
62.19367426863587 78.26339971985952
413.63588964635625 241.54590632746732
351.92956770714824 11.282542647340964
474.47186230698946 124.70949502149008
409.9171588924695 200.56473386997342
174.7550671987671 595.7215289191041
599.4071627921066 247.43144594891598
872.6730379411998 136.39005151562944
547.5357999295848 990.2326616818049
761.5412321699204 45.63373225031553
604.5203942795864 198.55486659965084
371.7715483404973 123.12187309418199
181.52971494212022 934.9905954360395
124.32123297694464 547.8959531672965
714.4516778461034 933.499206258168
99.34870308447563 283.9122565222129
872.8515829313577 410.7708445948479
758.9987497197578 239.9535235199376
161.7346144717211 700.6392161894117
94.68430855607023 713.1144904904496
248.2962217796658 981.4707413062602
556.9277168695417 353.0749287680511
186.6647145906043 152.59126858984885
169.76924615972277 998.6305629266125
210.7103724398871 608.1935189599399
431.94664275410344 258.4611667327088
918.3160555322848 255.8021775893582
963.4940559471695 634.872150869906
480.07416624176534 631.2553442611654
369.10452828065564 322.2538553821764
971.195410090519 373.2947934453247
458.54525813415205 551.2612440153795
47.48535307894153 638.23968349769
789.6102384512532 495.2234575229588
964.5644192064342 258.8514630592914
480.5403738562611 307.0514438357679
374.0777444943726 581.3803662133852
376.53605146316073 812.9190833987265
421.4618755940704 950.9169007066495
948.9329529641217 753.2513862450692
416.9047333608642 757.5543555999865
755.8069036732605 232.06087398918652
754.4566689432703 804.501331141721
899.2188458776081 212.43144147017733
813.8196496483764 514.1658346900036
677.0066289134834 478.9562844506405
295.1630944495737 149.36567993671423
545.9751092556869 477.1949826326359
809.3838512276973 794.2025059034069
588.5321665439857 835.7217100745445
574.5495893961328 312.769397545423
906.2624919289324 178.0955033667003
753.8338547167243 883.7454671619918
751.6273571060224 40.090230313430396
311.07215995304927 995.0627292030531
752.9231665227927 321.7805705019695
257.13883000204595 975.2141954233839
287.827232906014 724.587382637083
813.6637491836627 236.40451634194793
917.3045265587841 50.14443602916041
330.1797559914796 409.6273377469134
804.344236128242 70.85563000962303
756.6107860714494 462.88655932363343
210.94060270298064 921.26988459535
95.08128555877904 711.1611015136423
491.92762198495876 604.909023968456
533.3483677227396 350.34612635585285
485.7223277309093 262.94098428506817
896.7277140937132 777.2860556714819
839.727293236831 309.09941999973336
646.204919678139 494.1475862409496
602.0875705788685 399.50793533175477
897.4944050925341 837.7640228689752
361.6931075256664 476.57523310122554
839.127913147733 123.21463806555965
324.76274274548535 802.8852300305488
487.2255531119766 45.78591160158507
979.0412987331143 984.0141721836386
930.421804477924 346.59416763203353
415.58669624785296 468.4642365405345
90.49012180954341 814.5319223649026
953.318897345096 908.4112317739192
552.5294403888549 670.8331962909708
442.9485301315492 66.72172532121812
203.14651701825548 262.43552083099974
514.5975451664971 663.7028357791927
255.88811664201216 776.4499594258677
77.37030041035908 671.3053391326517
740.2477953257154 380.4320532487974
579.3280736536163 83.00911958003931
683.8916156333436 791.7806324033238
892.7661088739719 114.37745828875134
27.318407689921443 784.4735982503468
202.38681652580914 122.27461191240208
775.9894776267145 552.482584777617
942.9086624970231 269.99857385193417
17.03382407626297 166.59131024350881
657.8452419906565 111.08951887366526
205.95470446316455 584.9757774206403
632.6345926232362 816.3313447871425
563.3340609998747 807.7859917561574
292.99379328771226 726.472176986005
512.3511430102088 802.1033696305224
653.3197523179055 277.4470403592444
835.0027783327489 766.0290216303226
550.1515303357403 115.39431885900653
628.2319334511607 149.29278581148077
2.1559524258275564 395.5147912832372
200.742840599912 602.6539368471465
800.7925729472016 841.8301728700623
767.0999940072372 689.4985546473856
354.7600045506372 134.15590970479286
167.7796589467746 760.4207576281609
886.520707426907 584.1108094365501
872.1621134569415 865.2080586028736
310.64661344903885 863.7435897618583
206.02370819086502 956.5336292652433
511.42343269007426 758.3648521558538
85.90769010070464 925.7916184332015
281.0964564424681 529.4299284298851
539.82337867786 203.89356485095777
880.336606551033 493.8269440354801
947.0434277649647 758.4780281849363
38.95015042406735 852.6811073926251
239.33928168364127 323.86706352731096
227.55099066955486 635.7950498364349
271.8152137581775 611.2368387088004
199.86016676982808 867.1021466498436
193.5715778642253 63.85232136940411
130.49190696011803 702.0179922026919
926.748526625841 445.84854241967145
154.53122336842972 339.33258469394667
797.0712314284561 182.92395108304515
752.9034008086311 968.2943696551413
949.8385017594794 909.4441882930557
221.4807893955326 875.7939669756533
432.36664777660195 118.83747314738291
412.0679227362487 109.06427647459493
727.2209058491213 162.79525945806762
39.85092495105291 766.0708774703195
80.13694745703026 99.67512788097999
114.59299091003084 68.77468197959158
182.35545370802419 53.63543923378178
471.80248768814636 863.706357812139
639.162984006817 813.4138761816133
955.2959131953006 89.80028410434903
184.7524576888554 373.2953587393117
534.0232191250732 55.19321783983433
788.0874702871724 998.6970862641555
523.7180087977143 72.70068733202872
635.2741761648588 184.93149743906545
127.88092903318548 117.94238749486385
471.0155071440526 570.091034917147
712.7994007393161 694.5950567869849
935.0423057806335 461.63062032617484
587.7526721940201 18.00947863963065
338.9865884321992 141.10765354718612
574.2457372602024 961.4360447648985
794.9823655478639 522.6710050619348
317.061828822734 948.3610122105279
729.3494879916825 58.27444636607226
115.11799534646039 119.96359761208875
593.0369017783662 6.221552201607916
31.5535284654489 658.4614271192374
15.071273978545463 309.53316745201954
180.1767617289032 105.12040197999306
736.0780607641148 366.7602329901053
379.3404702287715 875.9620357444768
406.01155066481874 920.2483256009099
814.5121222015262 948.7098391364351
733.5513911413871 135.49291570383437
957.2498101170577 871.2734671107022
534.1933444728579 700.106723719291
750.9905024501458 825.0779753916706
939.88163891553 432.0540920774517
993.0025648386572 465.8024422209992
405.1018759203063 454.18948165469976
917.0494496791092 659.6006882888277
172.6721810166474 465.7704181319404
212.75695536534712 34.63447479473314
547.0422840633436 21.497637456305508
105.37210800847107 475.75718094525286
663.7289870225823 14.76861329449175
663.5464467021945 304.44375165912174
440.58783568716785 754.2125449934574
202.97208635688392 906.5712598658583
49.94074746891175 121.2087587864804
510.14446594560405 997.4109441296956
560.1495293691809 300.9724087942899
623.2204196285322 546.2015317574355
361.0459615247826 490.9244572136279
75.8863092176284 621.9309869397727
609.69873842253 807.4462708895156
835.3454485792275 67.46161899354897
211.31873421301395 335.7508123782561
646.9799736851387 960.8913599870733
784.6737357902524 897.4865297532428
135.9373564328974 281.05198884322823
652.2041132061943 646.821803006434
809.8369840454786 58.30254437915383
142.10176724941914 48.14131357652418
56.988060963715895 562.2843843543659
392.93438010107906 137.11807646514484
340.9544504982962 755.0618064439758
410.96750854493894 221.80798913115075
54.99837147846265 321.0802359382007
346.1576551942336 341.54644558963486
918.8796883555019 74.63148199838498
824.8594014490708 868.809091206497
375.6828188417125 441.0240340952122
705.6099400885838 612.8324499721969
177.78865866078664 9.412981596047532
808.9252482586861 663.6717378100902
238.80437345225013 863.2534670119028
12.861711284664178 1.5071232715178073
872.2092097933596 508.598039224903
603.16782211885 588.3919874780664
737.6693922580852 740.9669979949857
920.1706882751215 258.26923103629707
172.42095312204697 718.278134603037
154.11237187366532 225.96539015070016
97.81471914581763 840.3303660974924
606.4716583282666 447.0042025586498
360.0622534955108 774.5934252785213
856.8767415800414 377.46470367143024
189.41786838759856 113.56342251079421
53.534884621684654 906.7412522190021
443.47629429459954 700.7026029698616
979.675677911531 365.9464073441824
437.9615076762781 619.9882272835082
639.3240171646005 550.8294444514144
462.3270331087159 208.35473468111675
852.7904106663453 640.4669771568268
527.6837590278517 220.81990089766956
755.5852045333619 741.6144734625196
501.016419166346 454.8443763684633
154.0349380456578 543.4903082364142
542.3451839045113 723.4814160334602
406.69824390234896 228.89711299869265
680.4341877705373 56.13132516607078
872.7499156517929 354.96749501318715
437.8441422007632 401.22351857907034
996.8212513278411 890.4546081057347
647.5713868026306 906.9060520789025
784.3558863462155 976.3702429003009
991.211309489535 63.831119679178315
762.3600399444312 262.90638885878315
332.5288983909682 608.3822780078556
517.4966679605293 867.9590549110268
620.5150645224735 105.19726592223621
556.7934421623617 101.20519174221786
992.4523119735624 554.5978467735639
545.8043752300799 102.56772779069078
720.2086431400667 203.54623062572318
944.8858156794385 455.0349612066912
811.9242255869299 978.0051121351174
686.3172431206593 649.1849509078352
406.4503310015347 600.0865278457512
813.3180662534393 0.39674374292475445
579.3453539618174 505.13211912989175
936.5816459615181 249.61475854869042
816.9283885022464 131.87559323585862
954.7683301911317 614.6638203395293
208.83570652254147 23.095848884806315
732.4693081918338 501.49666611235034
359.7212724834542 444.6769408319592
332.47365695039355 433.38726731274846
127.18698290266539 907.7488742804302
958.7411532879001 10.96705458622138
555.7248704538387 61.59142812957141
982.3037826574855 877.1333925410603
795.3973671173542 914.2402858363198
294.3890027450261 728.242805162493
369.17803463397803 233.2434757831998
759.3785361016504 386.63399122337626
884.3203969963495 280.772779091393
724.7863258122505 829.4086366164928
170.8172151218218 745.304015855024
386.2598413492139 854.5309352489969
873.9585908290059 846.3364573739188
302.67936361256653 757.6892292640565
728.1920382838227 109.13073927128458
509.74970207716916 991.9963159695479
95.93339606662398 233.20120398202283
490.0498059950231 287.48758066819914
867.6724881087812 811.3076622826828
723.3253329340996 118.50911056866987
488.66276043170785 394.94839373612666
662.8802180915274 724.4705055488622
702.6795738819552 547.8645304331166
762.2428751824822 113.07007610742458
584.7772867823564 80.82361165970586
610.853774904324 604.9830454409889
572.6699705531385 618.9579084697185
328.3407352703568 515.1357892871298
500.30665206102475 17.1911860026881
114.01907621388219 508.07249938902675
87.40676102541822 909.7947354688387
251.57385692653722 13.553051719842113
945.1670803125137 856.8722555179387
928.4517118918757 843.4036549585934
921.0466847819283 133.57997754409834
945.3102858023096 811.775241849876
524.4814681440353 197.14718565573818
762.9435212723392 728.3464002399842
250.57577620815286 262.2693138733534
362.42110628579815 607.6415576450968
850.2631537778877 217.20400143263296
78.75113470930184 317.5169459469691
983.1242813148295 320.90840645430484
909.1951318636861 176.00044062872877
232.99487591552636 735.8135845843389
794.4346590175924 198.05381593381344
166.6922370301117 971.3396520726931
24.1095851186639 792.4585947569999
972.6338167060136 740.0134890235946
227.81795336408638 713.9101556089388
228.8170115479704 561.0580637503593
378.4878432634874 986.5366746465211
518.5743569940223 685.5810700585793
857.1019310007965 332.44316639086946
937.7138695265289 562.9971727065342
906.0758354773062 362.51298960149836
18.099385986311113 120.07750572130871
733.1616703054029 416.5823572459102
230.42109159131053 582.0263820327948
118.56804128527642 476.23639480222545
22.851875468232087 429.2439346528497
625.0591057967499 15.857428903784164
302.480510771415 353.9410877981464
414.1143856744722 6.1898129625005405
372.8574638516431 757.5306853977359
230.80213474497347 539.5676233517067
603.6852262916035 412.72666350854627
335.8394495736896 707.085311948255
527.6297527352032 403.5413058421633
35.38163437230013 425.3730189269965
634.4252008861149 351.87754168093335
987.4051647302866 884.2722636214264
863.8893369299052 241.17222608732024
648.1174860345054 166.58973026857183
687.1624499031295 855.5529131391785
62.648046533203996 377.2397999740047
709.4277565407649 967.229607030234
701.3450641261685 311.46988832820176
927.566699729056 925.3498978124098
196.32257339956504 290.4945479239015
132.6478316417735 226.30426009755578
642.4731743409997 297.7477562048355
459.8431418451703 978.4757597971902
592.9815800094842 960.0954176311164
757.3114563763247 913.6864064715023
1.4448766786420153 235.73307206971518
270.7831227928824 743.1002812343213
141.02536986403203 894.1260755285613
122.02620126151587 207.1010047911831
965.6324684018599 3.233250617075911
197.06937400841485 126.66954738678771
468.9502281864687 675.3868396731134
354.00188248491884 128.0453337121452
344.1975482454581 265.5852139331759
310.36683787000663 482.9624437341308
650.8281524004052 64.58702349203082
176.6084693239619 683.5095955602685
253.94805547903488 284.07852047136095
364.7303884446238 953.670961007571
518.0485929637118 792.3189216379185
520.2663916189725 888.8624137273565
108.7227357383318 626.0506449822938
200.86073424528695 810.2858399491673
784.3538355273181 778.0949930185965
256.20081959569706 222.68181868120297
744.334994282512 139.93611533995553
251.7395556168378 972.0685548617872
441.1988991541115 764.7290398342919
822.5907320991865 314.3135281822549
761.1068642636097 808.5503665631296
544.1755738431884 125.89095166633535
130.46755921533625 606.3430643483746
762.6444274912542 914.937317745326
416.02477499400305 343.8896826968494
840.7922544165865 123.72384500682043
451.5754516560863 698.2807288839261
444.1324795379049 452.9231900809356
646.5478999522134 636.7285860424194
816.9887596055534 583.5557932621616
409.9917554885851 287.20895921133405
479.9094572628192 724.2580277960163
58.100806765789656 424.29588793829896
417.4053072474472 869.5233336535689
464.21041765542714 649.6885348628134
618.9556420612878 518.8245796495993
957.2813453737729 789.3103955020096
786.424156021532 877.033829251178
878.2024990778594 377.49551201284925
127.47018771054952 233.31365090773227
762.8150421220809 353.6579132184471
417.2374560848949 298.6621728158667
336.38067308650386 257.9740616901454
929.5465020855149 771.5507892996965
376.28752459017835 279.9905859388253
414.0133268881235 296.6029537653523
28.107075069988884 487.70248700368455
26.961661294274244 283.01876180287144
344.68583512043625 444.5297825913781
11.691244590890214 757.4586700988244
658.776078431274 207.7534119304175
967.6107169987606 540.3572702205053
896.7801354968074 394.35390244417135
747.9380636414566 555.1459119441755
94.50281570752439 598.82945086177
382.1173425565174 6.620716492001799
185.37713013079727 952.4522957705719
931.7960008094013 497.7003295300859
597.4489826904191 24.555701633775627
858.1518054088112 893.0756966679801
317.4760321985235 583.8264497897275
303.5538242791991 883.7617832557988
858.8171988881636 961.210095566537
671.988076429487 758.3191909519104
4.358899275743289 885.9199819098903
30.372211015504913 844.5210325532295
286.54485866906145 702.1730142930526
146.8305793720701 449.49889777258346
913.646155464061 816.6583005742988
432.1949545920267 896.9088918276653
254.7291711110139 75.37758688272123
657.4424432835758 436.416776146765
55.348716773262694 523.3794682868659
82.47699414542053 383.8095007443428
271.8143005450565 662.0413990367238
550.6062006067834 839.2971921422283
783.9479316337615 885.9374623935162
178.2606262711256 727.0787489058688
274.57180662840153 254.96146744485583
500.94819034241124 701.0008454592248
248.53468624887543 137.2589584144902
324.13099718244507 669.1489582953877
504.906212356512 544.6533079385523
71.65815288533062 304.4657899842018
373.03871529756714 174.63504757029148
124.58243811546387 929.0014819286527
676.5160271317432 271.6154960442645
499.6349257289667 586.1566870809199
698.5796241595605 425.0290356483386
229.32640602498378 948.2880911219011
388.44235877188316 333.00109246431475
974.589734102608 946.3036576268463
669.9706110193986 377.68165289661135
726.0729576325159 653.3824596414081
992.535761951093 581.9769074062926
931.6382167037667 6.711923714041612
198.40641737310082 147.29476993728875
25.316243200029454 409.1432802432895
371.8729577676805 308.05204334334536
126.91255393044464 116.92347936254276
582.366472942241 681.0750760465372
631.655821430626 590.169897186333
337.15430289920334 636.6569657979077
515.7247568190594 659.5120780230116
118.76471136503952 472.91888184867395
446.1849449715113 445.3319827758502
598.1137100945626 336.2542958620641
202.8125213457881 455.29287307419474
986.3771940326473 898.0191525935745
494.4767462025037 181.35419367539208
516.9718165071972 771.2625814976698
984.1988776604377 819.227589310036
233.5787576698911 531.1763736498045
224.70015078828675 441.237506407674
100.96400476149003 989.0742785823246
250.1968526460836 67.80703100856222
952.4201881071098 62.09403400737956
770.3960537968736 603.2980113193591
940.9742744221735 179.44934030536052
269.09033812068384 528.6917673244807
971.0766366534481 670.940381576697
822.4457870281633 576.6048718816295
53.306397395491814 994.56534040613
121.02253953610142 353.3923461121932
646.6992360036566 977.4574968478661
4.7623602009976285 18.598072138998887
831.623466690617 468.0057896290771
801.623234743646 683.7703165054205
590.7005948358602 926.8990183220116
898.2363779827249 150.66808386139198
566.0872497183321 520.9675187338161
264.90591220776315 973.1414486130446
408.50552453531554 226.07766313632726
107.4674358846457 597.477770738138
236.72838850025724 293.9687948852776
424.9663088096262 512.7619612707847
785.7986979311623 192.80388374503477
14.812502126576366 925.8085196078744
538.0788207127234 792.3387541895055
386.013483677482 464.4795708914088
503.2997664667399 131.99690093557115
116.28245357235389 808.7114003507457
342.0977843135402 583.7703610925483
420.2644638977691 950.3302245071613
212.09779215267167 601.7494167892584
83.8178034529391 990.7447260387038
56.422340091505816 536.2171272307384
463.2341424362425 999.8619053640147
51.57590070289342 182.6270168977796
948.4754073771336 480.07943336848416
584.974020756063 834.4156141852894
145.9513821667371 405.9666796352278
441.95760242089955 613.483856017358
49.056805366956226 643.2532302899715
847.9525632586949 763.3145413253736
633.6324922467426 790.0024396690475
633.5058138962515 407.0756141202214
640.7098001531776 128.35502771207663
68.24817650126735 996.6919494978989
790.3436789379326 426.98528137003547
844.4061239361703 308.75113076073535
308.0343988546397 792.420803364512
281.30347248626975 379.24154722195766
439.18342104398675 631.6340232829223
69.36529953935533 211.50383137565487
577.2245022100172 58.8219751133362
775.4563417008055 440.409608189776
737.5160665900405 756.0480210453071
890.9563294676899 390.6642863806545
371.7763269246218 380.4279160963904
419.79517646076505 128.26347967691243
936.7880405003591 99.79949420546164
875.7414259060723 171.51520294710133
206.29505705961003 734.3235921189511
86.55728342277813 501.6733016315332
46.45781833753737 283.2217500395565
387.2040209957092 393.10992955090893
262.93097079651875 323.8634693879834
625.1022242665067 369.08775017635134
171.5707801883407 884.67430529773
897.5210222689199 281.575855133825
744.976009513268 913.843276522346
94.49112692054939 112.1853233366733
543.5105840472288 392.5664320743494
130.2069374654925 596.1840139369867
152.1524750888068 474.5706422574636
211.7029985293617 182.6824819170375
513.4577480995798 772.9202106882709
615.6604398546458 161.46589786748888
372.12463610803184 60.61587240685151
222.5196562291718 10.579619447507183
28.087327124819872 203.25441460277327
491.6453198187658 148.65898862347393
732.7649810382135 100.02419297281229
652.1104037878404 312.1263901889372
357.0363500697333 773.5703326227119
630.7365800874829 719.7621082960346
409.70587669682044 519.7705963088202
642.3475113831016 35.78740637118172
91.67262834067425 205.2211141688891
426.7633298056181 897.4819591124107
833.7082434221069 383.2388034904276
832.8839618502607 434.48985600530375
684.6961308561789 888.4453628875787
822.2792273729826 774.3518541812206
992.3784597517697 965.5050849164361
993.024751641782 2.4338363769156324
50.104095824444414 789.3468996713254
409.09217939362276 424.30431537801314
770.7644300182045 442.2088769802628
861.422829850235 264.74726003551706
993.0509933307868 27.10112977631518
683.8844554544283 129.97826456040085
725.3624672499244 617.7907356675685
900.6308517783206 658.2659421224434
489.1351718012151 172.17022568508034
790.954113957411 789.0424917016372
936.0660812498622 368.87943826020444
923.540419003314 991.7206289947442
82.64249031395121 566.3073443329963
334.1095469260829 612.816550814996
830.5878399523813 728.6092284879652
798.7395875388754 223.61192716489197
923.279149804644 215.13202329211222
89.74789744920997 480.47002965033613
125.88558019423068 787.648323404207
691.8200701724033 546.0544827317098
210.92436041323026 54.057518423151876
703.1489267143727 562.0818581252672
281.12444147507375 837.7204000331352
549.6655478802325 12.87164599389734
67.93432041071534 638.3513111678155
700.0154046695735 73.84077283565927
106.70558906089467 433.399651073602
784.7519874076311 200.2219043663207
108.52864314272514 558.1103899078284
395.29142990197096 278.66799911087924
423.89319686345783 297.9613139717294
366.4916108838964 638.0382661363813
224.7905956693923 128.93210887976804
531.2895963097864 95.54358833346276
919.5708470217685 249.06847871403593
776.6514369112441 0.5619303346910964
358.8124867041058 159.06231102850666
727.1588666418793 930.817717857768
590.6584919356166 570.0765645633239
535.8778378321158 294.25132839982535
280.5170981441085 843.8015406400413
71.72361599562282 594.7879963665432
422.72135174398795 502.7368000802259
258.3582635815992 531.3481187805365
640.6867883681148 87.9510097848052
441.72583200744276 416.8241043516996
197.3019302513288 787.0798209811843
441.65150977435763 627.3809146813979
818.731318056126 807.0792263686216
377.50118069581316 922.3212521424772
572.506529745028 424.260697824023
448.71758357521776 510.8884527551303
334.72567652932884 8.390716854392522
598.120604316106 684.7632114725853
831.3772018379433 88.14669433639865
389.17858225571456 683.6431394097727
845.2492350367324 701.9779973208454
488.0283017481192 216.17670848331448
942.5808500554626 861.4288523114543
856.8417497444502 719.6563770601457
992.557363425403 943.2382482731715
137.2076013134874 9.258016110584855
827.9462797398959 222.03884544699238
730.5160888206664 441.24688266325165
626.6168589726917 557.2356159038806
766.9060608315392 94.45325808144666
981.3806800236897 455.6521757007496
495.15350799436555 760.4532295037048
169.5363610702144 345.7906622739292
622.9507162149382 725.2735530406429
833.6968475343209 920.0591619886715
790.3461265915478 424.0718320194179
141.92300368043686 828.0780733769645
668.6849251723797 55.12619065777991
507.88222680043003 837.1847426447032
143.21056062570125 150.6017610958298
120.69674002594077 815.513931489904
659.55821160742 918.9433482153308
859.3410397691451 538.5385191172549
92.69090983166028 897.3775574648363
647.8932263537757 371.71384703720435
431.39999848716525 82.88921915305059
