939.3340709223099 978.8378361320878
971.5187150382075 967.7844310664198
29.913866368945442 140.49452561309138
677.7563071298974 190.88605833863636
78.6570831303095 84.07620496288281
829.2055095311533 233.16908266336668
244.58851005429327 55.680842942315344
221.56562115578348 776.4903194320318
436.07827937387657 124.99973679839238
454.24809773296926 807.6835320478413
596.5089731647255 175.93414238657667
111.72364831226756 596.2448577257954
423.5834448099328 549.0916091656705
203.23228530399518 208.8006619002266
613.3678433956858 104.25820285029508
839.1578987207308 735.1926292603542
564.8918239047161 667.2332005534519
232.72140462908885 487.92979600645947
107.1036948110673 52.950882068069085
507.24723370504154 54.92055847249655
217.20541155269203 115.60384414346802
462.109858443139 234.81212510312022
887.8684106760707 566.5207178676575
404.5690447094057 564.9289068869334
270.5583515696652 621.8408206678148
390.0530350310698 363.7154574715669
973.1727299622167 894.5668739139245
730.0513694518053 952.7531524712203
922.4227021643569 329.3659845727488
424.63045530966014 997.8347601733291
514.8662417385217 393.52884832851686
255.6858165557756 714.2443631211628
875.2268019156792 183.78489985393475
637.3978535332199 18.304170782722284
916.6081596962589 586.2118010611946
961.9579484889414 575.4146922190463
554.4424288047429 135.26514051384277
101.48479116012743 94.22732548850755
864.4850488672489 757.9943728930016
931.1512101179032 147.25406168819933
194.8971124887071 160.79987787547867
223.89393030536442 260.13188458623335
243.43168032091077 218.62453157223217
33.68047901318927 4.924131495007589
892.9677700137586 360.26291051424585
732.1580224236664 357.25475105579864
162.1115509784662 608.5101913035077
192.61185380508095 632.7360904084661
972.3119580991067 630.1613260973463
225.51141665126184 905.0639153999347
558.9129537568842 878.4108488960788
261.5245853606791 926.3184340236133
260.79296434334776 668.992435180258
450.73156975611215 219.42353419685622
111.7170383234114 821.4361259748963
800.8715957196647 193.3807358677101
126.25494852869312 318.1107713689263
712.8075930926217 843.8082574991662
424.09424686217534 286.25778093553333
287.9947652305989 844.4800469820862
368.80454263893625 492.01159673152904
80.59143026944149 609.9730921572955
710.5850510436455 450.441370619145
545.9512912641899 215.1959670514204
317.25490469980997 201.93723585967604
297.5883507490471 894.485181278016
453.7214416536641 782.803760310099
426.30723189014384 211.12047858099325
727.3887766186436 426.71235708793563
558.0427777708069 887.5235112248237
755.4455068547624 573.7028333958151
31.054813565508542 717.0692651965111
329.69650387906836 834.7145764256153
558.4757707377743 940.3530530306001
355.5810662487393 162.16538322461338
8.809191538035165 961.9201957851096
124.2454257066462 610.8864505556237
484.8305306362072 307.8794762892192
540.0149276812153 238.75991848071655
710.4415027827864 280.48567320039507
770.3370331454308 892.6953760153715
845.3819431542416 852.6904730099309
411.2437563088786 853.1201187430471
239.30414604467543 963.8248198227699
668.6076703619808 568.9473491558318
309.566535519308 526.9904777017007
243.94301111142713 5.02552998593464
681.2045700116212 139.40195282874535
583.2296311022513 445.3610518396508
962.8891820956786 698.8344411917252
898.2139905229931 947.9455868656606
49.283764961323584 872.4974183180348
901.8683585626615 30.8084335412685
638.0626888925761 639.0673028842716
513.1654349144668 583.9533056817972
728.9560145778262 930.2771849980649
881.0524888420497 448.12802384194174
232.5364057597187 735.3751691413487
953.4858542613769 578.9148019124924
458.0656785977781 899.9272740252804
474.6124834887221 223.4173322471421
172.57051051078952 249.85470093032848
731.6627679584293 76.86102836672126
127.41768964242995 602.2595374615872
592.8445540564019 957.7103681535475
434.0116592662926 686.5067258706041
378.5052858856752 142.44780589627126
936.8377360609531 992.1946905819573
890.0558551512806 134.94673475064621
779.9268484219576 85.06037665872701
484.62592711477095 310.41049055641645
691.9185533707963 987.5292222502476
428.1472987066944 570.1385308498491
125.25110057776845 807.5341956872044
885.5384853399103 870.9195950272054
276.60842278053974 917.3921407533219
813.890167133302 251.64117915000128
188.60593159248884 633.9401278567893
713.0275766515709 769.7434027105178
586.7982919303776 531.7978440344006
657.5528706307047 581.4344819874142
841.4440993400498 233.5369829584756
285.44656697894646 252.12413818397172
460.0635641816271 763.7016901139161
450.53409336361193 267.32031365195354
814.6775689809297 328.03934177909224
59.59993950229902 629.2736206681263
386.71708334910426 684.9638637348039
209.65841301817278 370.94291504117626
672.9445455021811 113.18840535032615
116.86641938149522 796.3948226270337
37.32926335021469 347.62859930824686
485.79086940957404 265.53829659160135
216.67171112711148 755.090768945647
906.2189235525396 381.1356401381935
891.8717630047312 451.9243338450587
584.4266486129113 507.31884191897456
722.0885539789732 27.731568090897383
216.79794351101222 651.380946974675
505.64105033987727 32.391320957503524
95.91197830882481 874.3994616444231
679.3491432887083 408.06832837031317
602.6942425697086 561.2893656953323
197.11795116088481 603.5430321253777
82.95276589435585 77.17139728893873
938.9183790921359 195.11134789554484
732.5973786518431 564.4807606306509
192.91938468061232 456.4674516280564
523.0670377976102 894.0302258787615
426.37849638971903 469.3974285071848
386.96609056930464 73.28107232466618
514.9988205526475 47.77459878691026
853.6374507763655 736.363859670299
835.8123823277241 959.2627622246305
75.37700669326175 692.9303865617836
145.2513099241942 672.2963466668949
717.220164607208 896.7073077039908
961.9195683302944 130.32142393533718
496.7078406264765 609.6606563732647
252.67979621651915 860.9451614543603
254.76632459359115 983.9699861451703
581.0215824011206 64.55564191774066
314.8111230026922 761.5493352306579
518.2784315893887 195.13758579072015
544.4123464418573 299.6421280544985
41.11269488758662 945.4242152325169
972.3351481125136 671.0550939517788
842.7896420501754 479.1890232238081
33.49543819812651 158.88650422911633
971.1121990336861 215.39527192820128
515.3480280189539 68.14202108754996
972.490987539029 462.0859227280399
61.450216518968425 410.4214767658647
769.4746842976847 722.3093571162228
651.4211528824562 682.8982334461459
828.167807442151 550.0417043883723
821.2432021460505 659.1020067696551
782.3144959148857 420.9796781607269
513.8285685567529 836.555631798879
572.4284503732097 201.2424879462722
357.0009550001284 945.1044515938225
331.20060771347727 446.43510115747245
854.5180858876313 709.8166613690458
700.5179073115786 944.1892409741721
445.4884176977355 883.6218847942547
0.7779899051105765 625.2127781012381
638.5108041393253 417.3943129592752
689.7861328473753 211.04211780398253
459.0935631820648 518.9756028207732
846.3722129482444 741.1059765642829
262.3850045416295 267.6720811353581
992.9676261306249 427.3736730313578
557.974654501079 397.049722990916
431.7327955112037 121.7741030440065
869.5008058098135 836.3894373192705
410.42810178910685 49.73695168929015
809.0263539853726 609.9544101097262
857.0723729091127 362.62045454944825
484.6218282030784 733.2597502762096
126.53477025814497 492.4548046365993
79.32087810011367 816.8247778417282
187.55721639339197 254.344533122581
940.5899375986626 190.42629380473375
945.3064079641902 135.03648340895523
801.6806214881035 494.66089043998693
942.4058294906923 230.57483784364675
819.709666324632 851.6631623561244
510.4995207386156 851.6282579587753
960.0382006091231 923.1158289820441
554.7516360576933 901.988425124107
882.4981661616215 391.22684615076577
545.2865648367372 753.9035527380875
892.2406012629247 657.1375680925937
962.4261807748345 493.3236212230353
706.4572977071437 841.2650853519849
396.6830430285423 88.79966492566726
757.9531047295542 491.3712026195969
739.8187449866998 249.6919468225216
507.5237785679583 756.6889858331477
419.8791197611699 482.5067316158922
769.3198034742353 170.22765022330776
430.9691934928931 128.5957493566281
366.8539722223762 596.4148447350968
987.6323269904694 972.1153168666277
532.036656821983 347.5250787722677
994.0497242291269 344.0575656765631
335.5992772708927 949.881780108441
159.87769758567572 516.3291273391953
94.4933387556286 549.6094154737389
517.3922097824942 579.2675095809351
140.32848285018784 487.75165009067956
298.71120500052916 926.6488027446419
552.6402082220394 145.86003017044013
617.2170634509631 934.1550569710424
461.7535044143073 765.6971100435136
163.9031664898486 410.4331184660086
308.23667645195553 580.4869273793162
177.2200282184231 924.2913517967069
9.414396271479774 260.18452406832915
274.0976599282372 167.24406066087894
328.1371601171924 369.5258151756838
340.17329074190104 97.528383200865
864.9801370367726 265.1575718746183
568.8540825187057 729.8815673215196
2.270753269604908 616.936931013071
911.6967748298894 84.78114957784466
816.8215686767816 528.5281556606183
656.6874453402796 991.5146861695395
447.97115706284694 53.714432166346526
586.3562325752429 151.3591972064433
658.5122327979159 757.3805448384801
184.26331595553413 110.31515892921617
358.3129480472581 853.9120297227806
656.2442185895877 565.2536864256393
673.9139989445338 370.7952068010555
111.90384656493413 732.9994452489352
742.1103142569805 731.4914875441195
112.20027493005236 348.7862910576658
781.5031913055876 129.1985372340966
930.5610756004027 228.68611223630796
153.23479436505073 71.90011960973064
297.82631530771664 230.02625540963095
60.59383292455467 519.1447370052774
105.41376888164255 874.4739993793813
256.9079181575747 102.28358678893446
526.4540353574916 860.3815196776451
632.1139745816284 22.435907572804336
281.24405528285945 184.1480624677665
830.6255145707269 354.240074298517
321.2198532710844 614.7707223723751
116.59164548656298 648.4870068257943
34.75007087934756 821.4189097831265
547.3692055620706 923.0222924545717
188.40427462798604 540.7817894243112
142.00637059940345 358.8415510346732
208.9508888733278 789.1021369607267
138.7621277314265 277.09359804149756
84.19153590342898 273.2237025208297
624.1629034762044 262.7444142511298
114.84004612604603 835.6440027827089
785.8244670180062 621.9441052126008
985.0059511016688 980.4775214117846
792.2428288843232 712.6781547282613
135.4438020344926 270.39941074376463
834.9855727175606 72.0735377305407
221.58121087431093 659.052991965393
182.1909150523916 678.7687801161916
517.4403735245231 629.0687759027691
187.00845221309504 135.046743616132
486.9186934935902 342.75706058030465
70.59217527335704 30.96752256482771
385.49658737254697 880.6995555965364
956.4832562007076 261.5281695283288
678.2913872176072 42.88026165717296
71.69570661240898 607.914751555875
264.47803716537055 117.65925449725734
249.5458463767487 465.20171513279973
983.4493120540791 485.80763401174374
870.2419434410189 201.3921411103584
644.6888508342356 919.985660238037
157.47769028940473 266.4819295057963
871.1829436020602 964.4600509763923
312.74934139484503 835.269628975704
375.29775956966836 835.5209338235811
313.8432721784572 463.9231262929132
896.4007728473497 869.9724338076117
329.91668989247256 967.8530832729522
921.1062983816954 667.2354675126375
612.8215401777976 487.23232751538035
479.87719911723616 720.0149790155403
412.79752329816 496.53928126338167
767.815508737079 509.1481120375018
936.3872434283234 335.79269469987184
72.82725514874677 750.163831980131
615.4026575022073 693.6841082645353
510.9475621339937 722.2486932977749
987.9988061356687 356.60318586111606
366.4640709034086 384.7271512055325
306.38729965037317 452.5904696162176
413.57828016502583 291.8293533384554
580.4485995709717 365.54113426619847
456.6956123355903 153.43310733599535
142.4787205430581 472.52203979329266
468.0370816876259 257.6307177059385
975.5322963020368 865.8539121929321
124.11669860498043 870.3858879447454
986.3011237001908 261.6492298071431
246.73026559766976 158.20929733213896
123.1930558943849 367.7855933002256
639.4529009954969 141.69611065810173
741.2534994468618 86.83337033274918
77.24430138629268 680.9324176129509
897.7973530294213 63.24535051753144
754.6120662608631 518.1917081757041
326.097135268544 249.15566306660165
326.88502852506826 959.006658148166
679.1981004216638 359.42349562072127
789.500298627141 859.6155610892563
261.9087868577797 314.0970393134389
831.8091313858929 206.9464161840313
876.2418402293579 25.26157702650611
974.7580910183952 726.7164710518722
594.0557564180833 175.2749493158008
755.9042005225822 635.8884803680197
240.37597671539191 954.6826431384252
460.57329817474766 867.6391318022422
121.84924772538419 80.64372051328806
414.5735905583452 840.1593098133802
67.01230976277195 800.4881250294236
651.7268731969916 115.01989176138217
158.53229666682645 0.06450079493947047
848.5822290439513 96.50067411504337
632.3031772776983 982.8274085411393
779.0279633294806 260.19422647650424
294.2582369753166 963.1510300508454
183.11980259759332 267.36050577664037
462.98651823856983 826.1464080238886
867.2941598555897 720.9222452431927
884.7162457487933 246.29754665905156
57.23742253719688 249.65479205356644
286.9559632582783 828.5213980619853
510.0336096761725 69.03867917164852
238.06007003364437 537.7951839725812
658.8141292609554 160.4069627910746
762.2121973628962 317.28436325431966
110.98505911679536 734.4332503450902
722.79629279673 459.9427983641802
150.20933013625725 700.6709961431011
331.85217124069567 994.8461447465721
502.67175522320764 451.76795129246193
269.2882917194989 77.05887446625704
519.7576568126581 389.14439327700677
802.7518766733824 128.62344241931268
102.126191512244 266.33736539153455
987.5320777753052 268.30044171304104
144.26222496035456 606.8774302144475
495.59940396451117 388.9762867044901
13.941109347556546 165.47835625887498
873.860487398379 94.19538705210917
597.6428494050365 644.484696352528
63.93425784728712 589.0617334607526
740.8037642591139 651.9352045887049
829.2318034468458 535.7944332084337
490.8950262972225 193.26557368461317
329.8492995094353 830.5106864527509
411.6690546403796 825.586676959317
461.7590776025759 235.3489364001009
378.5165258595963 971.6394650992728
734.0115817899818 808.8333549957056
687.7282166683049 789.9411870254556
396.1364156747711 117.42088464756262
16.557235987098572 428.3021948087361
247.6581546129867 282.46016935400166
756.3291969701057 449.80604932759303
62.618535702973375 19.33127292731185
507.4490182869029 713.5100374858455
844.2234131868782 959.3241904463159
73.00486298957776 16.537589633534466
188.20974856769544 709.8529457392024
116.77137329522202 359.8972403673384
878.2537903629453 304.8911882455253
761.7653637425964 787.2778959764461
462.7187529607417 925.0545676260411
797.1096094028503 364.2335619576739
969.2665668473132 25.54380540551726
833.810972277906 14.584698633259507
102.33517835658445 300.20159614783705
704.1614239850962 611.5281013731658
238.20859320937916 231.2259283490816
634.8215660706564 932.860483582509
283.3847223222795 326.62055277088507
240.24825599188426 832.8853980682546
994.1713919072298 531.2535854914585
180.97897980723965 257.9873053338152
668.9183315195468 712.4330994734185
410.3877580779338 538.5202622481945
219.01891756075443 567.1985916912719
293.8785283499197 726.573277008202
500.7924590010161 776.0658067460798
526.0835016596372 617.3377254919219
447.58412331801026 736.7511915481937
694.48598649387 491.21730041900634
979.8961228257447 751.4422623499697
541.9881512198342 544.4839087877087
891.0906338972961 112.4679727931357
466.296181744081 438.1979022738595
907.1811652966561 133.76338415878476
560.5966459301978 388.2745327814916
901.455755106878 809.311235335088
547.8495388788175 743.9927914015648
808.1521009466815 444.7823852821283
290.1250959212095 57.907009001513686
124.13105336959495 304.8861989691084
164.76268037302077 237.03517448770205
13.471572596639781 46.4807390842421
490.7322516444014 483.3626207923326
937.1368617141626 466.2821384520366
361.4296226140159 381.1131844524642
418.33787066686654 882.0511080075046
694.2393207120706 668.9046209631215
23.946893606335063 287.423821499855
42.54941121259592 946.8184962074596
893.2906617254954 273.0937849806214
732.5047298888218 811.5791348629269
177.87897090445614 590.8394203696564
184.63686200171202 687.4506701894983
569.1010312781144 151.93267837607672
859.6097332800128 926.1243755128471
685.6487402165577 197.75117572259438
127.67239258687502 585.783276056357
468.4025455752474 357.9572477357409
503.01142713855796 667.6951116618553
887.7418847546319 320.39505048600023
107.04714165391948 488.09797186408963
206.71902766044803 876.8964733832688
928.8193331054827 293.8081859688779
763.2616240068523 180.47574926859144
435.95997929642425 191.89300089281193
735.5456555779101 151.93131929624505
356.35165582026997 956.9154355819828
636.9074926111091 107.66308027663307
998.422225588831 303.67224418762305
350.1395771512807 845.551705301488
307.1276523878721 769.0103860119942
355.74179586985935 622.0361768460094
963.0266434146511 433.22107491475623
434.67613516252044 681.0644852193708
223.45222708901025 329.6749141091987
533.3997407402389 254.38168219793812
877.6368282496072 540.7753090618149
667.4271581128153 242.65840976766728
641.7492111723776 658.9719157643283
709.3999005097622 108.2521686641229
555.1531660283292 503.4893421199912
658.6174625484513 862.9326230048475
455.7991505427229 726.590718034872
521.2107959247112 417.6912153640435
410.5118766752198 217.6100717509294
243.61576136333528 976.7946785739099
55.03842626188171 18.65084663480665
236.73028823444875 604.5308865889567
159.0729940531468 802.7624800092944
904.1163848313912 570.6344382621584
373.0754934238292 833.5710300498289
244.83357436933795 589.1686979769801
36.5539563727687 724.7533186615145
39.96792682413219 605.6801744141414
131.58063863772628 248.40916297488945
351.64660637536946 358.7294178530602
950.6647993771804 903.2990617444005
64.30512610908823 544.4429779428395
814.7056600782228 947.0798942692729
980.2004645528602 46.5185449490384
224.60114205695004 121.08456145353352
544.6401324372921 359.15581582805754
159.18940095041322 351.8557781928633
621.1236628845171 26.67359218857723
842.5515011026149 300.55840014176516
862.5696982835043 651.1135112104645
195.30575639554493 749.5584082496769
132.0282067728733 777.9193099470046
357.3749226840313 464.871307462501
114.75414047357135 759.8198186068837
123.81006233313218 353.8457927772696
733.2455248556206 520.3331051307093
870.6052964002944 449.3640005165586
227.8246647166673 990.8477704977275
564.0403596057073 495.00210103545675
797.5692050553548 879.0270651576255
744.9385113529758 680.0104956623035
509.8749941343558 341.3199073964325
958.3296132852142 378.63606128469365
781.6598296178131 78.65270162241112
959.3589905497464 585.2231976937948
111.19394695828943 351.91411316637675
167.8853581555352 104.69450468600594
896.7690255596332 422.63468116682355
267.0613091057201 457.4261950262501
116.89482253209749 964.3017943550043
545.2926937679629 888.1968522250768
366.43840525932313 61.03982970225286
566.3237528245488 830.8028058232421
244.09803962359976 512.924266871666
18.79722674397899 673.0971800534129
368.82998462125215 300.98759554852995
144.48964928647345 691.6236025392606
366.3233108659959 230.01391741555332
973.5239507773773 580.679980824162
11.344133525959865 963.508339592354
705.2129033422706 87.56139939630636
337.7474471568761 892.7661445412642
964.7884459432532 883.8957572266039
935.1812809181442 540.7556305788793
339.12387461410196 952.3991843989933
839.984172691252 491.56844560269786
548.6566038327376 449.0430048811407
397.50397313801056 157.4786677706438
848.0720363527869 212.53748785740368
224.0422456231298 48.192945035464675
764.9091483622867 836.2023557203632
928.8550533619261 590.6613294623447
83.10145639495737 491.70716157159245
570.1178999533756 962.858484349349
57.56721093046979 499.8297444918206
913.4884639005122 851.2339472339049
206.31547251439142 980.2941724056957
437.8781048040691 519.06859164275
668.1351329135185 780.9142428481987
690.2689980136659 81.76414796813869
36.78666996620872 285.6822577456678
29.890813139290206 425.1316074728304
786.7168063266454 632.1071628902189
21.79709320870915 774.0327666579166
890.6687793873838 330.019994414539
740.8583608164081 521.2692178380776
996.1619417092313 267.2286781249856
29.41498523057673 560.4014029971337
575.6661781691671 611.8185085188283
315.31035939116833 31.21954444713193
794.3981344766335 176.55815392316364
941.7503668643051 82.87778124257473
450.0177550259019 397.7859084134253
86.41244472632692 987.2411547892971
230.10542427052005 199.31417466739276
254.45408682557112 693.784942448598
706.1511412507907 661.304705511479
18.546695835902405 707.4241794334927
936.8892856057082 594.7310631723492
148.78774228689971 991.9408830471448
289.1635095895544 833.9587745131851
526.3205852036954 454.2149214228014
101.10836436579918 303.13770820550735
266.7177673705143 448.2544826104844
110.28542851027933 686.5156185911101
292.6602973598893 653.0598546187318
148.51344233797204 838.4450412035943
190.17204251880216 624.64446142907
465.4837716347174 905.7707518762635
558.6446585561906 300.07571623731167
184.85343024917057 503.4485219061754
222.11538120421048 740.1870095762404
819.3601179552696 183.65983812268684
607.7362072273189 437.65170218984395
475.60502795623336 869.3518473414921
317.1000753517369 588.3989547520114
364.5006500535003 885.0453308395471
417.0653873089843 826.8899116768947
499.982306737621 710.9179384121874
258.9478633864103 59.562326644530536
16.434261615893007 610.5836635504329
698.4241929344863 195.79054883724456
364.38198062135984 838.6538879026147
433.21940542137946 771.9966412090553
754.3544269772812 221.079221378782
801.6257010654862 692.0879906474705
610.4212847985294 519.4355292745983
792.1277263565509 566.1852021872832
467.7618792637893 139.73137358713683
202.88530648902926 419.643833993119
702.7242206063314 426.9785112390132
859.5515400400421 865.661706013991
719.1836573162979 998.6808355220588
550.8804608148164 187.30357499951887
731.6127498539421 313.56148531599024
873.8052654396785 158.56330587278
83.12524759130535 946.2616023394961
493.1446479484131 849.1227727728751
115.85867562344299 844.4084180309846
415.82120839254424 103.7564732019498
971.4116717928398 181.36473041301514
755.4523157180125 864.8689557589207
340.65330640909275 286.1353145845468
120.40102535362051 15.441804961715544
105.07429858636085 531.320097040983
196.8504737786958 959.7059647853742
15.950171340659903 990.668566808712
318.19195016210375 730.1440926120496
42.93902898262603 139.70258571846284
812.9938637363224 11.966491806581491
790.3378461011721 866.0405922274559
706.0445649703069 109.99395757455588
427.07250708259346 580.468686028879
910.4393445597684 547.9191135358151
905.5987309795115 275.4691053162037
393.4080359379935 686.2071977643038
855.2425496637188 964.8301565868923
924.556108651002 472.436584811994
427.1100583572478 56.126335978351264
922.4193340667282 196.6680829098044
540.5487980982044 857.2704346137334
603.7078261271308 914.4708936741711
435.2433659509085 599.0046182901739
109.34245863463855 21.52301891853692
168.38032997594533 67.11068644559658
532.3630719135884 316.2418355399693
712.9190334840467 181.2841802443409
805.0140122428185 770.6906476428566
610.8558241407937 632.0311155011187
215.79011085085432 145.045301365312
714.4715752179209 992.6097438079273
921.9514057040908 527.1946905449819
408.90321767856597 559.9544145579614
198.99265618419471 856.5872995741485
850.982323268048 546.6821311035897
325.77987042200516 500.22581868272897
182.13450071947557 145.6969416116187
942.5422072522409 988.7501525046787
377.2356635220263 419.5708527304461
438.6346980518169 91.8387755583051
376.67237152657907 928.7944987158911
427.96394682234217 514.6971479311003
415.4550195016311 506.154432826875
652.1945945186848 631.1910278012488
11.084673404403112 608.9084793426597
715.3320348565076 834.2216915266107
900.9749173479321 236.09409671448057
898.0028140539896 280.22907337028056
330.5831049313369 485.2190028900798
925.7304819437514 32.24751649816759
485.0052751183759 440.7477023853116
972.7321316883662 864.7289132131505
529.642221907509 236.21091363554203
371.23617679013444 283.3857652907432
679.6442570251589 812.4296534302925
466.0498057722892 634.5966745082138
953.1951405653455 106.25931491657737
805.0799902319941 531.4556858560924
780.2959326613839 147.42336919714484
388.73904344822216 207.33561575534054
436.56223610600995 815.4204338796725
14.642478009593617 822.8748691424751
350.64894028329365 814.1523105460815
848.7328151713675 198.58623944737008
694.2688661293129 758.834614240041
229.94023142655305 922.8253158149397
305.3725059537833 137.91620404677772
372.71688138030987 293.6449900810725
917.9085694824817 312.1469865231554
70.25918206545245 93.10174315034591
875.6857568451659 643.5981277087723
720.9575421384684 763.868568712636
993.2080010633802 309.35281439676476
1.5912002576158324 160.54815934641232
992.9572989045795 347.74936185912475
293.0109653970694 681.8694386741902
996.4495688158273 9.473178322907838
527.5301519164353 254.9891236395483
875.4902446713716 541.4575863030973
471.9701038894526 339.40938229302554
880.4084879380209 118.46758535671731
586.2835671677271 845.5618908341087
853.6499818248161 755.4054093380701
504.9053186999438 621.8968098898955
509.96003227720377 682.7895910046175
876.4564802672502 954.3556276698338
718.4902631322678 848.5247128989139
767.1552336071704 343.39443502889964
457.51360107402604 920.9917164949062
84.26327386391696 676.2641753015924
129.03414096630917 411.6537472509636
508.1238860909869 796.0435015830695
218.42956729425944 309.7860677482899
234.8241839563713 383.9581355362617
863.365900755701 927.6027202791372
426.2404979372103 17.8106773992609
756.5753692491239 490.96661902639573
640.202440162495 246.88314998162875
948.6903004718531 379.0343305016056
670.7380281868817 532.4639714898253
540.1769980063954 815.5996196998956
166.83833257107105 943.1901274004088
955.5154120766603 245.56568176055248
117.90697292528318 565.6839608980174
478.1221113255595 591.8882882799408
795.0365895770934 693.5038786423319
991.1150665596114 81.49741032024049
19.480269183624998 991.2163637896477
416.8711277848545 353.1181701981554
693.1632015077645 995.4364881420978
177.42760827195315 115.57663368827708
370.80605802127286 510.97268450219093
108.13237537127496 712.08922662134
279.20797758311824 687.7513374637683
648.5466100085281 564.199797759456
596.4641715120102 822.9844530137975
807.4577897624133 618.440948829748
992.3689933700522 223.08451966132813
352.9604259084189 599.4617559265846
400.9826144144709 781.1180304325811
913.915095010177 85.27693052353325
747.3153280324176 278.12944817727714
195.69631558140864 163.45722381289852
882.3106279565496 800.4557786401085
310.9930736139677 701.4948126066229
293.7843751958192 80.19115317982329
305.52571105758386 70.2409805233788
255.70418183083464 12.250036698244315
318.8958661439433 496.2283084840953
954.1696573431971 79.01649374363362
462.3867250455372 86.85298242131356
785.6803551710004 922.3561268363709
418.38279564323665 971.8070083554792
461.7557628359675 842.8064434985861
970.1802560296619 934.8146485687078
773.6968027834899 577.0503781427176
156.30970912381804 371.64069289179747
872.2564919389899 307.31671540438185
510.0957663402521 403.5027595083702
699.2125662387517 490.1401283843022
893.0283388354563 499.4341155490899
771.3124211622037 756.953218551589
759.6232004856085 16.806684633894342
861.786612360873 835.2709693728967
301.7998320846563 656.1387380370812
250.60426286984273 166.76812835923693
812.4071422316086 944.475923717746
121.86996383910487 657.3382931590714
780.378557402258 511.0473111405023
375.2381177113652 784.2632344328875
684.0995361569069 99.56365549193413
587.948124875085 106.90909737572429
184.92276051966738 973.437926972761
115.05898937442605 79.90668272942881
439.36707961980517 613.3727498602533
347.6898677549306 951.5601160859273
546.3880363913743 381.1736658274719
962.5488007750586 445.2692622024533
725.209886536442 129.31049543012142
590.7584946641408 868.0387932500466
679.559840546438 572.6639496174774
709.9651098220402 267.68664314711657
745.747193630213 607.0582083703558
720.9419163059603 269.15342593728417
844.8816691082701 658.594045441836
108.37671171654573 260.35366526426685
963.6266882003299 578.4621307451042
305.2581012254021 669.2982418879606
873.2346911811403 559.8287642151861
381.25270590367245 176.75713481680933
63.21372725833041 46.55171727504936
957.6915295944237 842.5202228394248
413.82536608518427 627.8969245598298
815.2606558433946 288.3530724359037
960.7163937810944 469.09157711507163
505.2174661307728 277.0336393875852
215.33723892027658 914.4624704327525
900.9308891041113 254.395042313309
896.402995205308 518.0734005674872
33.77002118212724 680.088475497599
600.5030520597726 906.1886562257312
745.8424690887971 262.8194223810926
894.068061670638 556.5541447706263
661.8102707556601 537.0992821304196
544.2537013306095 791.4017317031307
732.9875059173069 571.0941344563038
122.90303935462565 24.24645810458148
139.1507845042641 978.9403624272559
15.599883908129275 574.9599221173502
646.9699263707148 825.9371186349258
946.9281908919787 173.26802713582325
618.6927355920213 461.31383536922465
493.4030933419824 607.7344264391626
740.6949457381421 790.8104078110327
697.1415927474679 845.455728984965
198.7317998891176 10.096636816443683
816.1918459943773 347.10838550510425
465.2056222422749 360.09663049784837
451.54182349149085 232.65099726789296
83.48924938678826 36.57283348049012
776.1797719552943 414.9002971499953
835.3224016079022 988.8636711667634
358.1802850015743 811.3626942764748
459.5242759191417 976.4573608885383
117.64141746302481 269.1177332691983
653.7423975281208 917.1241300164938
286.3997579894606 893.2135026682923
435.6841214457978 256.6175832448429
849.8023397405913 55.9482009571508
66.25420383383174 817.4954678506288
841.4150370194983 482.5765242123836
644.2477157060638 343.39880859962267
34.39958714556779 458.39281640226005
170.72478295549686 745.1675152286535
27.39220916508145 382.8078231889561
350.91979237935624 876.4601050769469
458.068780465407 607.9493878155356
652.5145319565846 519.0831347111492
94.18277164614652 742.4815647371545
171.33104300155776 142.0265739234219
849.7141490261158 375.75111996543484
668.9768099573545 913.2386781113497
352.86857889976295 483.0337167168437
741.7010935075052 389.4644772833431
553.0178045016091 609.5670076050712
455.6982740975667 287.0101989371144
995.2743434180506 299.2208834221035
941.3201383207781 745.085160395274
814.2441814084912 133.07046564038916
377.1360470864478 533.4119054733015
202.6034796397842 173.80009815136356
514.5058752999535 727.0844566883596
95.49650086829975 573.7820323574576
394.3082348518499 474.1929562496334
78.35378426191764 597.8362547305851
189.69156901191587 615.5234484181103
73.5807768400285 336.09296922896516
172.19385458983982 80.67873316675112
190.66915203932334 938.0430720496427
643.3018632896444 181.2570999566112
234.63424375670627 285.7753328477509
299.49849056097867 149.26334222606053
759.283649075624 642.5641897519262
906.072461117713 527.7167630367617
224.6740600449756 962.3853052545503
343.4419540013646 310.45882893555535
772.2139713100589 226.6002220820915
59.46973400937738 49.45301891143661
366.22272687719135 385.96588719901115
712.2241229336696 500.40808930521865
567.3567964677782 229.28844998836485
319.86687810738533 761.3450131893676
1.1664417134343852 774.4550178948425
547.8252456968222 273.7672391756697
664.1472136406967 583.2411200453629
858.1324780067105 502.382517340635
570.002475805671 738.205575985439
121.79702554059901 586.8639981105639
880.4342693797267 88.14865031422158
952.2881178830842 767.927088700407
587.6321453987416 768.0233923360695
456.70070304855136 930.0379772562829
19.730224247452632 929.8541065867679
320.8909381784323 174.35827239117518
925.8553093382178 83.1297666218751
145.84817806404894 938.0696285650979
663.989476755678 436.30506286601303
734.7975911625731 810.0115522682478
62.72288086342215 155.4542979527984
594.0028423682804 857.6036330266362
857.0736219770432 511.7892467826023
254.96576929376712 976.313957055847
208.9033831532009 476.66463326340045
151.69593381699752 500.4731649288665
714.0586837115252 440.8599124361502
693.9496777410894 73.0235742931562
471.2199693475168 384.33939819410324
865.8150608330994 561.8314281916225
241.54099494760072 3.3576915383800587
148.74543872669764 631.4794966558526
463.5141675804496 13.690280892460716
819.1207750170681 431.9964175061436
904.0976984436603 91.93463437900019
702.6430002166454 749.7680881940213
24.992451372709002 691.2397048243531
281.3476247055171 880.91542698352
722.0585433351275 273.4871095348494
643.7405887723755 433.7122068106962
956.2119778756309 336.8604410033175
144.54614093456664 244.15532610074752
935.7447037237137 985.9035942182096
797.7779140130954 597.5892183678593
932.8617358757945 690.5831412424903
365.3215255366381 989.3250585920547
521.3313175060033 311.5335547982392
822.9446487889082 728.4844461947235
7.495453502812555 430.57828439840983
386.6256939930549 791.8364809317528
93.48964276115291 518.7839634814876
564.3201466457405 468.18597334151826
359.3722318779483 498.7186289698612
761.7588525529748 498.9098097917599
979.9654330973542 813.2493601128023
815.6006897139428 616.5273444960553
202.56151541643396 200.12849265765743
453.2366289416915 610.7299962857229
503.2494516285828 989.7818486203932
85.77081719747093 310.08412215919503
12.468402274045886 893.1261832165397
529.1793310496029 157.66021442650268
754.4966430248966 926.907466057591
218.37449860430291 380.1308663482359
480.93552567120247 335.9655808301237
229.87934547430143 102.41866985023928
394.8499056595506 114.99471026803387
961.0427540490602 143.7644253691188
860.0780087740385 6.783442209234658
627.2030491414066 646.1251472017576
269.32515465954265 659.5819994029475
832.9339402539083 132.10017398169492
605.0075227000458 963.1584638974607
349.48340233879236 67.12328616769558
868.4134614206645 451.26994617480045
887.7427606863208 509.4470492460481
475.6016448539313 57.68836951046363
94.55955913692237 971.4852057177911
922.556759227998 443.5849146021943
219.93450903242385 187.36807252818187
507.47504635018015 575.9913489655195
903.6196411782048 84.10426537503224
664.6535040399589 230.21988369130275
311.86050758695825 887.5321707001607
512.3084449576554 613.5381367795698
418.503077863306 959.2825905256891
545.7500573705091 363.05912306162156
569.4112721103188 657.2638881554662
17.691829970978958 757.7207520184515
595.1185918621082 239.71947096489708
439.0747391211861 102.3928167200534
643.863431788932 591.6969889391751
806.6380519062199 891.5644179435848
595.6341361197052 342.8069095115215
617.5700416260862 540.7277153079953
387.57683899188453 766.4384586573323
466.9230673587952 185.48881059865585
832.09515185776 703.1384373385536
40.079915508549725 291.60045221435047
541.1979496141287 634.6488682122202
610.4090138774972 593.5247893041286
384.12723767478616 950.1376293149619
731.3479389876495 184.7994325157829
500.0257969404664 392.4455270715164
672.5066808640345 420.39300417127725
263.379502388126 649.7125477639571
290.9827969454909 659.4015799598437
757.1969601956057 66.53473829532386
451.93311176774364 775.8504814495107
247.36499719499093 488.8423169655943
816.5472911753599 796.030514053964
871.3453366244281 327.9791732471349
800.9210302447328 982.7117531820377
255.3542241238591 32.001870544158486
775.9272559676602 179.74189858355905
56.393557852018276 286.0068048725848
126.03620553072004 254.9502520040291
488.9783175192678 428.3316179606406
614.1362204740691 34.94267518326766
741.1319264228172 765.767663341213
609.7587716939961 212.28673872400495
810.1977241679441 698.4578114804253
129.71278060271675 323.7501840548964
696.2410203644563 823.9444431531575
312.98523441596416 47.67066978711565
79.29301606221262 479.87006926385976
905.8660226959205 749.1974160695113
576.4146239865977 506.12351607864105
568.606919195364 414.06104129304845
425.5339072777854 359.7623649410442
331.5261629089559 854.6907485245366
975.2389315946581 99.83238648275861
326.3214530626022 346.9125645131633
673.182594871811 174.24342522845083
997.45596060823 661.1264460462056
340.484272546812 387.14983792961823
358.83333917410033 788.7738660417816
395.48808387415414 902.8233600387771
502.57945130915317 533.0719436320971
347.4657886218903 650.7951726967926
489.59994070160127 532.4036643837802
319.32722139701144 37.082086662026505
955.6843546841958 215.41852860022792
578.1291705655362 437.60271113775104
252.27923886014992 648.8112659361257
53.14912228757795 552.4262607105139
707.654069862076 231.91119257027648
603.5176687154 333.28773645638745
642.035331312399 716.6276525404679
360.87904662499557 861.8408938039803
99.38587431888813 86.96248631024484
817.2768794535043 252.41019339234794
868.858177353989 419.21330239874965
454.4378526927526 380.54178209164445
260.55132053850014 962.1560517165864
617.8531424069528 997.442453041144
273.0538168879747 325.9092623981136
27.533704125956792 580.4350522472475
244.35515617039073 848.8464774965919
787.0423258165931 90.84725114207647
813.061100206466 923.8372932620966
3.3817003792339095 663.2901651007562
33.449067336055904 308.261607306477
162.54460402681204 134.07220891550676
785.751461061265 216.65580674006745
219.0082060722215 231.53243767361886
202.15650375693218 300.513462626225
952.182160978264 197.3670661342397
689.3677476899213 456.6774535048036
518.7956750182803 585.5615206387904
270.1646394858058 773.9241847961121
287.4356099212254 994.3298790483647
389.25860702608605 826.7548798044849
979.924796647459 526.5020186322879
32.84007809194189 956.0730318360952
863.9553852285437 845.0886034209607
996.5643101007171 138.34072760583726
242.36942535320293 793.2924147660119
403.324110212747 537.9711101444749
766.7047235403185 682.0240098202075
120.0107150286901 862.1282845159973
166.10138124416983 513.0186581319509
551.5641695750967 192.76942221159555
827.3900952385117 601.9404482828579
400.9672183344675 57.67883586808675
288.1607243916707 293.3986874062093
375.4375710706282 120.40705200602619
111.83545761446456 718.5906702649328
491.92527925266813 18.442222115615525
802.2480471617139 836.3240034738188
589.1236927003895 559.6056726660146
384.9566899164208 319.46075560801665
888.5534050100956 698.5766017666408
33.49509452733146 201.36464613916039
963.8809904469475 458.616177424113
650.9923953755143 580.7217175154652
275.48518917564667 237.9738261452501
631.0697279589408 98.14382940398703
506.3850898457364 746.1243113017676
116.647139824681 344.25364700238606
295.9965220526567 151.89659757465046
951.2716992506136 836.4883892121992
609.7840825434255 893.7209927430575
174.80378139553065 710.6491560782214
905.7281256158483 1.6337800165300287
353.77537653987423 813.2614546055547
462.6273982749597 711.3440313610234
256.4606405326698 452.1017203554718
720.6097331331167 612.579907101102
383.67559830626 664.7834142330802
250.82449230575875 567.0971172302873
648.5502169645794 499.08585170674166
19.142356546961725 156.1453087365624
61.99317758587086 463.7475221031375
937.7894729015698 472.85269104185267
625.2954040362115 4.734828323519902
309.1944327645748 661.9031620026929
757.2959714168226 589.5364454889137
657.9281845439432 727.0445034985661
490.7595717662837 740.8224434122949
619.4687315156497 776.3794032296006
361.0920750057364 150.8459275129339
8.623655386985396 56.056614828155716
380.2467745082392 829.2551480819312
925.7955104531189 834.8920528354862
739.6509885749484 89.52166615568613
775.8763129146517 445.6147396498782
918.2082832144968 62.98047596320067
372.40897151923815 562.8462101993973
684.9095920520577 344.5161112051852
878.7554946924236 103.58614417930667
80.31163112773609 320.2184752916828
198.36263091209184 972.890696448154
837.1185445934981 704.8709009129498
567.8179205651514 245.59478331825136
857.3287379772879 825.9218944338976
529.24014258488 274.3428334014005
301.8858472462018 230.63154301567369
162.6499139652302 644.8573109196425
568.4988768212827 264.3718391373027
444.31786561589513 861.2875824231292
934.2735359163304 370.6003971641938
863.6892994532095 137.6467923353951
922.0231007666919 996.8146996380838
979.3353503030974 695.757196147506
512.6038480683699 155.83437715451743
423.48341397771685 525.789923900442
170.34634819333172 888.0471478637561
975.0296980450731 652.3976887837293
274.631180500851 97.79354176122345
712.5393452413119 567.604327690633
957.8831806122879 495.8548016988302
931.5908266790527 641.0283301218137
538.735965555157 670.0466274895501
464.9227527027613 998.6818677687163
708.8439305783797 627.2113789023023
279.1929481372585 573.5006701097093
382.79674585077606 502.4401316307372
738.7613473494524 773.9246531136498
652.8167444005418 515.144287822507
724.7591932347149 491.26275523126327
603.3968058714568 666.6370957944853
876.8096465407536 972.239516985265
835.7628409621265 120.17284419874707
585.1153237491388 420.03555764549503
428.0214393299519 681.9315650037495
2.2307745822357505 55.29749635850001
714.0799126014608 310.22579880271473
266.6888631090161 768.0072112614678
702.9022180863872 120.24520780185487
334.7519327821441 421.76458546696284
179.39126503614145 922.9436872062818
301.9099360277695 333.9516212238099
529.1645129112928 939.2125567448908
862.3495853215163 448.4098326046253
111.71589795288472 964.2731707164176
602.469887629803 241.67764448019858
569.9345052084669 922.2604979126044
153.6207984248208 459.4971510829565
808.6762664296479 447.25872330161656
839.5942182754881 367.21523654250376
501.06176862535347 854.5890127031314
345.99665250264167 315.86708485565
888.4000051460226 624.9384982744664
111.48588227913415 75.14436723213535
328.11406944803656 313.958703687239
594.9544255236051 565.1148177518672
513.7716924469448 621.2504820633808
308.0950918462383 330.47351030322267
542.3001294324079 205.19204073219132
519.3843853306862 344.27051036795774
35.690854259336604 713.8550908352929
833.3723524268892 502.473561888234
337.97708192499454 417.29394112730057
428.26774759806074 476.38838021845055
402.99273941213806 772.7805333691715
595.1602673145941 426.8736126800559
364.39856609068033 232.09841875559866
363.82176380351115 452.4508252631131
936.687790687866 608.7971033927352
422.88114316120664 542.8248832805534
734.3596611095862 363.3472811221391
246.26853316545305 239.99349232081147
316.1763804090573 235.42695575022455
323.1759267866442 171.0387484407352
262.3952980643386 755.1071846002721
655.3834358643661 109.85811947819157
875.0946678325096 298.49509002935594
233.65125908491237 249.50558430563484
155.1879564992168 518.4314066860138
33.97968464015055 922.478718727786
554.4483185180322 177.12826737866772
184.8905712858988 93.20020792684136
626.8411716137041 635.1723997526898
348.48521246015497 565.1079800976329
110.6898013835872 510.10793432066913
30.885718801808572 994.1805611994052
161.67489003992853 307.8516117558462
491.7678792593382 481.38975407965245
426.3960259652736 151.48330559730107
158.04514497292877 728.4856394540483
397.19929702406563 84.49243721493337
963.3657444385323 484.6839199241637
21.202147352747946 809.3510598327265
832.9350177875323 286.23892198063436
849.922802783904 137.32307449439628
612.2782167589156 296.55005540133084
110.64811505401606 871.7077031924113
98.90947345163804 391.3636995945996
956.6510120283194 324.2551452600966
477.47447814137587 501.79596972776017
810.5938901177367 173.28089836132398
381.7864173340186 627.3165490717204
153.9325059718917 912.0443231424795
11.275492197770243 861.4974780061389
334.85994401987807 707.2462685056278
214.72477029301285 235.24486527517718
968.3079702577633 90.03960979337322
220.76582263941103 175.39559063484035
283.74898599460516 535.7354296483121
742.4598567796945 900.9752297915139
340.01863968300995 653.4269316731243
512.3913712241064 135.07738427668147
371.1053907552122 403.04193248649136
915.052666261761 97.23847474539049
652.8306303925225 484.87394162412187
274.89956586088914 859.3468247013031
187.56831053787758 805.4312172581033
531.3098706272107 797.53778102547
192.6311080839278 713.4816166110246
485.77795207157084 53.191830442102074
847.6750849750887 521.4607038921928
542.030187551137 628.0661240767542
7.452825636646732 679.9494537273547
876.3476215707072 981.7537060211529
618.4707613681603 856.7165457336065
273.2338905283259 774.0794139422921
391.5829414547132 86.86029543303353
440.66767703227026 700.705226232468
877.2805549325294 106.87299771292913
479.5312567206587 207.13121802647905
466.4127487940002 962.9909081196843
323.40695073777636 234.44383551316272
996.3007710126108 992.9808601972642
387.78668626678046 49.57564423086958
580.6842646163802 320.5547547502091
371.83931773519885 643.5058937155827
1.6650560927937708 72.89116545952446
141.2342171478147 142.74472742013998
502.790077273466 634.2832272305019
887.1187392470243 172.60836525473732
104.64201369143011 382.7203966384829
304.20116180599797 135.2060549535139
627.7826325304594 521.2513098732213
359.9903099015591 920.7242778248672
452.6202249499465 812.2633688743463
337.5957609733745 657.507413823543
671.7493497821727 250.3543493934206
226.0937798019701 724.5980570868466
697.5374029079242 968.2601593496491
205.31537974174518 399.81456021600616
576.2095319049123 960.341761234928
926.0152960159439 197.1071156743125
229.4093104943503 529.4234617893909
521.73113388043 158.84805211721132
595.1896915642899 715.3142657108855
805.2442740847057 111.87575076615775
172.61531278691177 347.13207414737866
900.405747104524 170.52592378529607
787.6332052685838 776.5906551206966
639.1910025732483 575.5479595412774
492.5963947352138 795.6975134308889
414.20029633220247 294.7180160519434
387.8007019208801 719.8504692599503
818.4217496994821 679.1249361905628
810.6220008097335 126.10939933538413
326.9265487762112 868.5184208961424
776.3175963485169 276.4588114535721
479.2672507356388 569.7739715607429
774.2820716647725 827.1661759583054
506.7008086784175 294.4421895325356
24.524541263707956 27.879511165416204
114.96112915280222 134.51466066609686
81.36035860573676 247.89738695838093
181.15576146571954 679.9527401042436
234.78770732277198 332.08299197441835
452.4642419606075 737.1889230757998
504.74530899262317 985.1835742405718
944.666493906512 94.72591305703004
149.42444867100534 110.8548945083312
630.131345750791 700.1207637646701
516.0349088438444 790.480276303418
177.74691727568293 262.0572667468909
750.901166783075 376.911939785033
961.3762452599833 471.8724806007536
355.49150010078847 999.5523080876128
288.772719953279 750.8184645003851
825.959324866745 629.7311347064949
819.4918880156557 672.5031342988055
646.0029811689875 739.1243737794741
438.187471345581 984.3695021419805
716.3259115497473 498.9985890885591
428.7812614068066 457.7357113416236
898.7067583735799 414.3547681028491
655.347668277603 632.832515449025
728.6646711960636 264.5841875326471
597.1558165136182 893.4393991953191
507.93222364559 231.0375991549295
508.1632786905325 205.1338047899056
926.4242878127193 131.94852708357996
675.3571930812873 281.83281572461635
83.11864016677029 756.4407279037689
735.6900133773759 907.2200473740074
276.2397430358048 391.8880138023407
277.95893271935245 630.8148729045846
215.36424854243242 772.6849691616903
503.8293366979485 82.8552673138071
371.54329592715084 843.524804869446
551.3041111739169 707.8292135924421
26.26291643646872 926.5710562483775
194.2928120849192 803.4043625643586
206.0409548930836 109.4474669960126
23.53525637912357 369.6686555866772
96.68473283385792 929.7607113699631
886.986756029145 423.0099899085084
719.7111651281667 721.9088812959943
321.8728333125689 109.62578290280011
623.1566388968553 313.2178694424912
945.9735802891724 165.56846549205983
89.98151484013206 108.98737715538442
292.29861020694835 13.396006734264665
899.4995040307454 989.8163899354867
369.16605678345906 59.911504428972975
990.7401017025201 859.6177966152111
306.79976245952514 565.1393328854181
471.37756776200143 129.02071424594087
811.9107135468373 789.5995985418459
291.8374000441334 896.3979577140623
793.3306471899064 995.1070016828273
561.4170807278244 97.54522948374
444.6166632650023 273.7335353827991
921.7353372770509 435.0777621993496
273.6478589185567 110.23943831751637
612.5497003014564 469.8991910596196
54.58611002144731 45.190163073816066
865.9594424240474 859.6363340966599
444.17507463344094 799.1414635576248
47.237421998176266 362.7228979014434
52.20266440727372 742.6888370564319
524.0104399710385 891.8538906540234
85.05408102818757 652.8414337520206
590.2351013752743 596.8217715242146
291.6340032009447 283.09464583924637
897.391770303587 684.2845144614087
832.5379780891034 392.7400439975415
752.5467887773681 440.8043978580681
866.2047578992476 530.3645463593471
331.40879155489864 715.5360588756934
99.88288475920703 47.15564965491015
324.23210300370766 940.2307732777185
288.59616085595553 527.543109543147
783.3964794004733 616.763407705488
681.8945804408655 67.87168362380768
973.7190972168354 86.17720861838308
716.0285642774503 608.2135223949846
840.0313870774178 308.28131383548094
828.2860131844301 828.093002210409
301.2795525966018 327.1237377408833
130.58318946844327 953.8106589576989
956.3844958990704 75.20323891035684
821.002190280843 193.21714677979296
944.3232946199334 178.0707899047499
634.8191247195108 413.20206763920385
639.3708899063017 461.012202691119
340.6686130736085 105.82666112254124
582.1674302174562 930.7909054568081
272.84220490106026 650.9433370719862
548.2528029697497 107.97013125909504
157.3193917284913 376.309055224964
937.9371081379442 719.1221423353595
36.981619792089695 940.6139636710344
734.8519198302934 923.2716605263907
930.5615370524608 120.51020519497845
125.25370822228233 443.20907955730803
970.2307426473287 169.64016070537946
496.12774016234226 199.84899598678098
154.33142353921292 535.8279066929487
937.3670395661708 306.59784912150724
524.608376208409 872.0105904877245
561.7775518711195 570.7338373198666
531.3998536775644 957.1516770933174
926.3874607238378 970.0915867834183
585.5967512004585 355.2914967502475
589.5148301590962 925.8826335063594
312.7819188657259 384.0545775026032
370.27455408605493 576.2721594396475
822.8121839471282 238.3474050755685
190.68212266281515 670.3714974422904
387.2077665927837 920.644334501907
475.238185628335 148.59473094080622
277.0651528285374 966.1735778783215
958.8545144889475 952.8670531605813
155.81086411116664 819.4788398355071
411.20855981086356 118.96143385319724
343.96567786340324 118.24665257664479
224.0902475408757 743.2793434821032
477.18959258994875 70.9532855619438
28.031361596365876 987.6801501942235
564.2303086544264 576.7994333821924
505.4844017001358 888.5031382598828
217.9987545221812 729.5643928687848
350.0441408820441 369.71486982769983
880.8471786729033 871.4263473043651
884.6821302976251 525.1538827972926
194.2270742452643 418.4585375820549
196.69038148907347 931.1337711049954
273.2550064385437 266.42582537000993
773.0076331103893 478.2045148451749
538.316998676072 703.6698489697096
526.8274919621812 969.6613657783175
928.6927027361393 407.28542675028876
794.865068746252 524.429367406993
777.2830047797086 279.45427275685506
354.3846164304104 643.2407857168387
360.87553148028684 592.7167193046055
760.067626905004 649.5615869226398
156.98471342303012 156.1262784491173
333.0271956855898 100.51270991416905
136.1541629948484 988.6452499455553
947.7512678522212 678.0700232896706
997.7110235823905 291.80429873941426
357.48372224419535 17.11694226265392
117.31305160608807 350.56278969813735
174.52891001017034 904.461998940854
116.2315591061649 359.47078388240925
779.1916717031877 291.72302682428574
385.163917522625 70.64726881358175
369.54183377219385 605.018472230348
599.4716196497676 590.7539199367943
83.91825532118935 905.6961122393884
248.09123428771863 616.0572664360659
629.0642240060653 558.8671753329517
464.9669652366203 887.836349867302
129.01283457455204 200.3043998488
999.7054049194787 674.8069842727335
973.3170903614831 957.3006516906717
993.2545292052407 644.897894252527
287.9465457621316 75.37414130154917
334.76017784722745 575.6280099717459
278.1480913442221 330.245168091825
767.3556050627444 970.4980650758735
99.79614677167493 863.2988704010423
583.4903806403792 798.2242094407104
104.23310639134031 368.78662920479445
704.507266728803 252.30475094751947
271.32776074150587 882.3087679065299
174.5264704839994 640.3258526445421
396.45632777911857 772.659879433589
615.2990072746056 255.5754707317446
129.33686562874104 922.9065534702257
986.5419123421827 357.9494387749718
276.1244707289722 501.6078402922948
75.36993095777589 196.7972088490606
870.901254949588 171.37610890065235
498.78963789425467 345.2691688685637
398.6720151040433 59.51627956969785
644.823610317658 483.89120687575036
209.20238738038032 324.27008537155535
900.6840506703505 170.50661372184473
599.5132931285488 690.2307424375532
720.5162635068906 64.38904508522103
262.57220066219224 897.7829595372799
570.5846442068615 534.2446965437595
800.6977032232437 613.962088974293
556.3748197313016 572.9859340683589
784.4210533668447 985.9152621827311
583.9374825814664 466.57209860979964
401.02457219423184 683.1863561443624
236.90098245945435 719.8780343650337
81.7033856794086 971.3358690519028
160.93094542436282 329.46464694227683
622.2736701969992 86.94569417878218
639.0175378989156 611.28941877013
219.57712783346574 942.8480402301979
213.8216514892911 440.8097550281841
534.2076548437439 982.456371068606
667.4133387755408 943.5953238829057
359.9133057932004 823.3659710646505
404.0874471687045 386.4800062125373
731.0027543496833 182.9301406314583
298.54284583439727 262.44795376356467
331.31198457729494 462.3075931513387
369.56287484777573 336.8625691768321
881.7640331416351 280.5153031389449
218.43693277010422 728.3108340653281
778.2806039379261 196.31038092351915
31.714029833339154 934.2501402597362
627.7811549437843 833.2635677006076
89.48087425811124 79.8080763634461
487.2315843973164 632.1758800180272
143.20889875528974 567.5002435906814
549.1814114470242 495.02908264512104
731.3157981116012 736.2950502383304
736.9545505499825 655.9497651075407
485.9390674469983 100.36857634289842
173.6356261029802 217.20582505078434
751.0200949302467 231.05629384302574
771.2202358976468 922.0432104314765
379.6496884143874 369.923163021331
249.7739321171043 901.2096933142687
407.72667138473054 416.53712325930013
741.1718855115333 326.3020752393121
411.33333512990555 21.445147653003318
757.9668628185914 130.61132254631812
746.8326820642948 133.01538977076243
715.1604831815347 216.93017166683848
545.5443873918871 496.2226972226368
381.1287758332511 861.8261976513605
288.9575887783239 282.11907794748225
603.680073832388 347.17261807024215
25.790133779076463 238.64429970650315
408.1992206004399 202.26809133031176
808.8062045909672 496.5967226617459
97.05942590995964 823.6658806146439
727.1546021414566 438.9975053642181
292.9589055817335 654.8719920815937
989.0926683373567 847.7462410718746
963.5664311776467 554.3603943832859
870.3117288402532 878.3796256094611
340.83649310063856 457.8932125413214
984.6816567231357 281.9088969234167
305.58112154754645 949.9223444522521
257.08385532651124 692.1263263606139
246.36209585005975 898.8882546418166
182.10324914243125 727.4342241726422
621.493916453237 882.5205801533
437.7018721984753 118.16475685217809
453.92424689920375 731.7844125020431
689.5975213479894 63.52267943571066
770.985285862629 155.90511630982073
469.9233495044557 546.696964543445
564.486209786056 75.94369697970194
342.8451266464123 392.35172360857405
191.3428389406987 990.6833660318546
180.16474246341363 437.62042336979465
260.9180801521462 426.1279063363924
261.5402760283424 305.89207980924306
962.4723736378526 278.70031298602424
86.80403372169077 922.091418522519
474.60077647373913 652.2705685066036
241.96213003737498 88.81992014154217
568.2590238736044 610.4290433977928
395.8100726814685 154.6377946275752
765.9583638955812 117.96251236672018
520.7010808427689 48.93178058604608
451.9346894140252 329.27768923971433
728.8547867548682 732.2273693027146
141.57472676495698 296.5568605500328
694.6959894737995 416.467949066743
713.1081309818082 116.71919541250786
494.06451762869676 746.6980197744892
780.5511158285722 513.8000447417421
832.7387300209557 503.7508354264736
544.113878444506 862.1500741313275
59.56690326290926 286.95590099677537
392.76045903014443 695.8948371656242
63.602336729822184 66.54467185671864
253.33625266339422 821.3843581583853
139.98926813514834 457.34806372263745
181.65516303689856 251.90187253647622
175.94880031904435 58.542463918919374
973.1647010025841 317.6891470622987
56.064949905013314 228.6154764857542
634.284108168329 469.38570634407506
15.173055317378005 220.38672696741568
400.2367992349043 489.26777188080115
777.5039347923532 687.832906207747
611.1755713060086 52.21181668754005
712.3391078936718 194.63021868383112
165.62496338197664 837.0971884340304
909.2836412473663 503.7420115649174
458.7420551292879 679.4006774822208
30.364838524204906 108.04270334409006
682.6235147976549 577.0253936970288
31.516663791057443 673.8836195429985
116.8632888690887 713.945258103938
362.6114215206473 812.6703981121498
569.7917471514772 50.03545312693114
53.05116014164457 869.9355318628449
444.3037589042422 440.4981443479214
169.03397771945095 227.05380170550706
996.9098993916217 694.582268629603
488.9605817467538 947.6622563887584
234.62101204083618 460.8345091074035
885.0493651030379 469.01072708991586
551.5038100038864 334.90839938971897
822.0786767061555 437.8827196297338
645.220769424058 125.99720960560046
588.2775075867543 721.3904546152127
473.5947617654125 789.2450428973043
358.7363236438503 84.86240759938491
12.215444100281637 134.03036624590825
958.3126212273734 22.20519395033449
356.33049347534796 51.80454054879458
238.85605845903092 748.5359240896086
273.7419884201794 672.20737953908
314.6804028109917 420.54544923226223
660.1541039280044 552.470731222471
510.5609642734386 236.96648067897397
474.3955823442186 732.6600456460161
768.1374134162277 189.68517031316856
638.1664744334216 248.09321173252485
429.4538535598633 885.4483894872806
73.43521550119614 480.3145854339046
770.46923600063 38.7831578606328
520.3391214154053 549.2918201110263
392.72313709782816 948.6589016339185
29.41748779665265 802.0412699360816
597.9431255161455 514.5868659655242
54.23311284252952 336.67782530514444
168.2316291161693 122.26563377482913
883.9149570933046 415.92341986044755
553.571946668388 34.54504766067335
749.8807290541768 570.3975655441905
328.74443739939284 760.395754312344
316.9751277923374 169.55260359784262
923.345259386591 242.73499212415985
426.4859115190377 246.90533933879266
51.45235908087686 605.3732685102501
896.9764311894362 406.25559530837586
971.5839373370524 630.0114322696908
908.5999342189804 706.8714776312946
692.9469532515365 96.13061136126034
997.5375373035605 528.160088900469
510.57466383469284 609.7825064194457
969.4281996346849 548.1318124638148
799.8033311274139 571.7008650874975
104.13586476460101 135.00470712886425
829.6403403082493 490.81957709037994
868.9248696974336 647.5851635870533
464.9272893902272 936.1966089554933
983.0922319549494 367.6001004606834
18.802923037075757 38.506953691038625
84.33113682590199 45.944439978100824
189.82292430188508 601.6821429694032
435.5770019010614 334.84717412468655
972.1946413586901 565.9378378721311
80.81377835712 699.248417274583
662.9365847972023 775.3447429466552
609.2948950780424 753.2185003853385
606.3740907132948 746.2626947901126
219.8598963479934 351.0396614335289
114.23409936794637 407.37156187985823
90.50391948088088 177.60957285502167
78.70342939589203 587.6962870706342
153.08438919900723 29.11544355546136
156.16690397445097 365.93846838854085
249.02525684923614 452.4658779296148
40.94261358867946 262.5896715886584
299.1061688352118 920.7575706675095
271.1837301264455 655.716818766358
558.9000386871411 262.0920154776859
213.2175179425325 731.9734033026813
251.14955813740258 630.3474335136619
355.94390505242944 746.3045800872051
867.3492921709824 909.0493132550929
813.5175112018128 356.9781792046295
213.0269047103376 73.27266553253631
982.3884835149864 326.98800204155145
834.6934440725365 699.5479511084036
627.8792521849228 938.5391591722988
811.1590170442554 510.03140859697925
285.82568787445996 54.240217713533376
17.88750632823144 564.740106494157
756.4127897049034 876.7901744341561
880.2892132873798 474.4407212569051
640.1866747927106 108.36269529863517
320.32833883199055 796.8201150256314
320.3260388385044 391.5542317967252
70.54759613625362 599.8551772137505
530.6079338160222 625.6762562486225
780.5897927078653 28.838016013112423
665.1042014157595 995.3364423879952
373.521649535393 597.3019587999544
283.4966417026805 322.6674104802071
922.7428970496156 837.1327821831313
845.0001509844319 660.2255371979087
914.9894354169767 889.4387092586794
564.2352255802298 878.4968060904911
140.91616967712238 595.2914768827944
423.9921340545284 370.11046324782006
611.9716426342544 654.2404709489247
802.6811980276078 892.2753728523167
840.7533266555039 458.54031757971046
878.3649047347902 999.6180364054641
541.7586843630042 282.3216975997636
956.6188077398099 481.5151431970852
310.4239852168814 607.4743583502134
136.07080102855505 711.1781521279077
120.56923768575156 501.7999434103402
273.31841240808785 838.1603970133949
543.8440164324743 130.0317478146453
38.02676814218997 311.62264190773294
439.496265170888 674.60725437226
959.3602888366894 308.60573398945314
488.76140304529093 170.618701517692
756.5036955124546 259.7240755392485
355.3970537224356 18.155514433719546
918.8785559611465 814.1071743130273
442.3642513605185 225.2918977211752
455.76416976354517 266.0806640352026
184.38307954459444 756.2620773558174
970.3819481408576 677.9925561807636
567.0669392637435 711.903921517233
730.105271070499 676.7538240811155
95.56653997062425 453.24192942980835
202.30740496361634 176.07762150328233
749.1308182961102 194.11859288916378
604.4621202589386 82.064193779256
552.7192343403276 35.07266175168
377.4629392633512 376.69370808058846
272.775474208291 888.2020942005065
132.72891587654178 841.9526680199606
401.50040370768704 251.53814704552613
546.5157570393072 86.73370040452899
32.437165088049944 331.4961292426057
878.9533697318961 469.31281692702385
449.90966604834017 583.2579224384125
280.6820835273549 970.1222095169007
255.83034462572783 341.4796328182622
816.5610789704477 62.700413799254065
639.6213214723183 847.507718692794
183.77506399242804 155.11629880380974
960.4686437432692 644.3249873202352
430.7657059302957 229.82686067801484
155.8560970565074 6.737921232341848
593.7665750945864 896.8431061344994
616.3017471423418 801.8551237211669
59.321734815546364 193.24255833781268
73.44698578186592 933.6959622607833
634.0196208715108 111.48044825725046
737.1240239071083 315.80784341330303
756.7754901654603 19.616405332723463
386.7549586172173 137.05898972535869
24.347275849795345 848.4868100146314
373.41149027823326 38.31341793961729
217.37113400304176 164.01773366603746
521.0912116852309 701.4830284913344
312.05467796448914 17.286811741284435
729.2432692074866 267.4918254064548
541.7675129058214 770.6069774746272
673.3018691134403 945.9749571274355
433.11998164519196 934.8186244617516
375.96375973107973 157.07600099426622
882.7226091353812 421.14125563554495
579.1715427355934 554.4933443052837
763.670960012668 510.34932939397794
785.2416584193535 318.96696116764934
254.90104238528144 272.7012168404189
555.3021684350814 182.684728983022
71.91305478557352 133.96463922193135
154.18241101940245 747.6276185855246
43.9619052751602 776.0451566818034
913.1228571940679 794.6612468151849
30.66548088487764 585.1392235121366
745.149945975613 445.22094614698517
0.0821481826642767 415.99697136388716
92.68775433477371 233.72610500260603
200.66137060008515 527.79376516492
212.95429029643887 376.39916561261634
751.0725506718264 165.27411404390668
113.91736934505414 780.9529942889374
644.7684823484559 408.2451914408373
642.0610014087807 631.6501035245652
120.24218801354137 593.1615149196442
192.94025801601543 705.5258136577023
583.2863918361011 822.4561095955343
266.47893351190646 928.1067267634794
784.1675285365011 820.4381004559308
621.1908992634189 60.744848590519986
750.4767428062202 668.9898683117716
94.98248813911403 826.7266188637882
55.522763208241564 761.9620293277293
254.92028328216952 229.60575608868405
362.4825571397401 654.0774910286989
914.3244576571441 294.7469847423493
826.1272722166605 348.320811086139
212.77526947247415 973.8575494727934
856.7930101302694 965.2025223775001
393.09599139115136 492.32208652296663
955.366688390626 667.9525070812828
629.1030594236134 990.4456902934605
813.4098569631454 179.61032439613888
258.889711148857 912.2488247716717
639.1437975061648 221.14464903499766
560.6370743619115 229.2469795566965
717.871789560613 724.1479307875506
771.4222748636934 251.68716665959823
544.5153404360775 727.3165756083883
394.22032157852374 476.00190111157895
476.29284276769 452.84067551904496
964.2727206043661 644.7811875224078
745.1711881574676 176.99190431355228
353.2226659035015 954.3511168543839
842.5713898110802 158.61181578597282
377.8927481096136 135.08758379528686
742.9121408395459 69.86698067556507
950.308291907426 950.8822806868499
167.92561503768732 85.55161150658397
256.54527754617163 516.7172077256365
110.28224833149424 30.382059246940596
484.20930351049407 717.093133275274
132.91207092031755 758.1419845135794
431.8273755934954 923.096444589573
539.5125067697746 242.20090191846054
928.162156462282 152.17764804513888
372.0832743923509 693.8427651238677
365.433970509634 792.2544820032597
332.93147844738115 393.00548107336186
807.6627139098765 20.540884984165288
151.44068872864545 815.4462974525446
73.81857294168093 87.54259915119134
619.9998163242933 71.01185300838809
915.1965832646958 707.9493152379064
508.8395154210341 629.6061503822809
907.407178266034 902.6918607985826
836.1242477722044 804.6133452763103
959.6007257513666 770.2225636434255
517.5012622860677 487.9465043884632
407.0215895736309 830.1155003721699
248.40778286594866 186.55763746348254
497.71260196820765 778.3728627985925
582.790534605104 497.1582815062372
710.1685978557164 721.3621311074196
563.492201003602 774.0636629902026
745.9632993281032 214.09860539679804
932.4121570954301 894.4884321776077
229.85099773498374 718.6260918981966
902.648962769488 706.2846804794431
119.57064393899553 419.53813196242726
710.1851107654193 955.0284537153249
578.5568827482269 686.2211935067517
679.2750106039982 230.52383716249437
596.9887353421984 855.1899097488931
333.5492359902167 747.2085168688046
960.0834890979934 420.9240749125381
163.94958284271576 578.6084462072181
257.2699886241488 169.90563481534383
24.961089003409764 302.90338698752663
501.8515624927913 270.09345780945546
772.2082737207543 884.8291588764163
587.9961297703775 836.8622267793293
677.3353725277528 18.556449211929895
250.36691187411643 36.47145687596576
360.19066507047614 86.8503055560823
411.43422132673766 359.4190619970258
463.6878434526639 353.72800183550737
802.4851022981089 298.57340519103826
63.31772505559874 0.9977728255541329
526.5740971814452 300.7668095490751
851.1362300402712 143.47414961986203
795.1355409881714 525.5721661558481
463.1552475157896 13.330474542495029
414.70326118122637 641.2739848156398
929.4152776345679 90.9625282616513
726.1614229164245 615.5834732505733
117.61962412230619 77.90182136762958
606.1757699561626 217.4373987542153
214.06222438744982 256.7309757263444
828.9315887646483 736.2581870298304
739.6820217531057 963.6173435597053
556.0312366229105 246.34305724805594
334.42890793258283 610.9957765284919
973.3805455557533 596.5881671482846
559.7275329594619 941.0948044103827
126.11997655198626 189.54335336262773
266.6768417737798 965.4151550891763
816.1330529837173 528.8316413693922
656.7251260633544 350.932966600106
21.39102046466523 460.2572186366565
21.91130585663792 850.7148454160183
672.3694437766427 9.464419171526739
293.36516392334624 744.7952668882679
777.9987552748586 727.7990985969228
949.6110508604393 156.58152499511914
832.0877309435839 498.06337579682827
540.3201763471798 540.7148072878841
150.88476147932894 823.1432770623434
66.50953401919446 600.230783678118
293.4192290333446 723.0281743774152
724.7856477382284 384.02662756544515
998.4910321947004 499.5297497026162
71.08411464547903 340.05546760781004
135.65340697976802 793.0476892372048
488.4566614162278 655.3338087771926
12.260673258045806 552.017702030391
953.809313430457 300.7608677998301
4.628587903008574 763.2172991696553
490.09693123142307 816.9133950342301
888.5825898644738 49.893112667209635
363.330615847805 26.393107513905555
433.14456361859885 534.7132828216766
37.85639718868372 538.9686012513292
790.8361921032734 685.8366339197238
138.71488648202978 127.66671374444616
969.0534188488335 216.93064144621755
186.49344631414522 797.1334654351947
199.19239389803911 495.75783092218137
667.9336138385701 639.9978089203616
333.68495326324955 330.99051409855065
84.65841976866828 382.6360928920819
495.827332593105 453.20226665781325
982.7355218427541 858.6490497049044
83.26270577008077 483.52345838469523
607.3941023622242 516.526911680854
883.2048825260376 692.2377152807904
750.0642832972649 467.3928011394939
495.9668723279204 389.6349182991967
559.0100566391741 509.3781537465967
483.084233366322 362.7253279497097
570.178162077827 27.098412251998493
657.3007251964948 373.95896599618504
981.4864455344863 657.8607202905544
713.9088524291484 371.88259238781984
241.62747579896137 140.65022293446228
966.4162064975956 728.7068401966076
353.5641834191191 819.6047128667353
294.23304959037335 516.0438880292093
903.2462065406195 860.6022799694625
536.0554306649411 557.6161967122055
715.6770967875135 357.7500048277845
469.8423522528521 756.5250979865534
213.31395684135012 155.97626535021448
208.76410393014265 984.7075714373849
5.8828375478762185 396.59294834595585
312.2240058477629 643.4984447780919
976.0447201098393 504.60844341025535
162.03312603696895 856.7541873563947
141.9484462350379 579.7354351695919
186.04384457402458 141.7838694884046
875.5584465936415 927.4526290967252
325.0247474095317 318.3714494547637
634.7469877315968 772.1428608263592
733.2857659030406 362.4631585535583
227.4917771993934 31.244514516497123
79.53936070207368 888.6322665329914
768.1215665990679 397.51681555287433
971.7098672873564 954.2230111853228
908.4042317771324 875.9343039351123
967.8793670112052 918.1144320527395
630.3726603170096 352.38905911254926
355.2860224928468 158.33346769186608
873.136082601982 733.2937468664111
380.26611372188466 555.2866425977699
532.5255022149393 688.3429827609043
894.2585164087653 781.1677501485952
920.2739537966651 53.10343909863013
444.4665007301811 601.1387974840085
598.5332214270151 503.76867593591834
682.4983890954 588.1698835224895
615.8808617158446 203.3272338034966
590.2851253542462 880.9634039701444
562.5725536106792 736.5579871971818
429.7996071125709 873.1763498692674
535.6464613642734 800.679550617702
511.5785701271115 12.194111582751187
58.58786701214225 799.1457491454862
846.7753925137469 206.99795744222004
235.61399780291435 697.9921044683232
498.4476814309978 697.2074623998603
937.2401015530702 247.3034748902282
980.0107753949504 619.1682592884393
611.6402119027499 944.7860580984083
362.2646145301073 919.9944992051655
395.4166113905091 924.0916883456819
845.127901548907 716.7646659183688
557.7443790254789 287.4561573171992
426.190366301713 675.608012882981
953.4584713715096 270.377307682226
955.4200195525766 494.2085940749884
83.50270763907619 25.47287528295039
303.8393998591643 111.29215292252093
565.2611558780977 743.3220579490658
593.7107309925859 837.9509228484285
300.64452231657344 290.00872996204197
438.74738784042665 208.20014514871897
396.40515793463413 534.2484737555662
925.0944207061187 979.9488085896847
939.0062420591985 61.395464174022976
627.2985965993872 382.6069970103484
55.472375116824345 27.28953508296239
298.21441348888146 403.8404353430297
301.99954113933035 491.81769357273663
997.76885611716 635.5226588711784
313.7052101140301 690.2282214420812
332.73499021453836 957.7235659862808
821.7499492735653 349.64997274348286
168.1404516061047 129.61270789944302
598.1637430975679 338.93328821916214
640.6633702329766 177.44459745838935
624.0621069579979 651.8428475134696
555.3454851208223 322.332164562391
793.5380355053533 966.7974535678622
279.17809846560084 74.30391820828453
763.3679700289157 800.76476169912
58.59340984949257 34.179009132290105
137.7712427705432 580.5843667447594
282.6201899341794 891.0840104741176
37.81399301649546 791.905498146196
589.4395312689727 80.97355210303824
246.6502156249235 734.0903748830845
871.3027921386033 580.3067735296731
544.6440547412801 308.8480148357261
171.25028959573396 349.07005456040395
552.5193941645665 701.0276155641893
184.7962917147902 8.62584740542005
386.0335969274755 771.9142590541472
580.7219016492179 442.4064767335646
692.274726462566 478.53441492857905
637.344528930544 141.26056968316192
185.53222357058752 656.8917980489103
754.1084671323312 280.29920525637954
629.7935127739257 62.719526136594375
243.06871117447614 710.3777248513694
325.26985185382796 650.2471397406007
430.81561825676096 274.8882871887819
547.956452631991 687.6462400746385
508.6152030858616 121.32716002660892
64.08383371416282 457.232157229728
757.0164510171817 967.1400734807892
795.4184142796894 969.162657247873
740.9032703904726 600.6377767054408
946.7223400181084 329.289855747689
821.94539235894 250.31309050215722
423.28380885419705 144.98438372327703
867.6293350698746 839.679979802779
164.28083785227986 627.1656499208951
349.5266893892246 559.7936772417324
96.84309621887921 852.4360369215417
118.183796577486 637.9008775742486
776.027705397441 986.1305017562793
17.99359955940194 658.2072291512663
417.52664013724905 135.25763785717783
162.63658184811368 299.538529745373
952.7752113940277 899.7220648654298
130.15455818659282 894.7119513161963
940.2318808892438 620.8820446573122
556.4479034973596 787.7213064771253
651.9522240428631 788.4102523907945
606.9624841985554 67.38068625667593
421.1805422134679 59.590092554417495
588.5603517047092 889.8590056679656
384.5347645903263 869.5932772936528
527.0436569321432 267.5775178756807
81.46166931234578 666.9492450061603
880.5286129121811 898.2314261434504
983.9907480899495 395.33053031323374
684.8423919246296 335.23518624405347
921.4171477486085 960.9422497742629
334.34290357944474 559.6812155968859
537.3951383484177 74.21854542235695
890.0373748334595 803.9396496608617
371.02555212412193 35.19189518820354
276.6026579964454 298.3167727885019
888.8717775915561 743.8162765279409
980.8866339323635 464.72808944925526
811.4409520177378 459.68839767855405
896.6965062403818 965.131776997457
375.51806570421695 610.0259426923365
774.1566154386195 927.5064629581971
752.842606029563 250.4252848377827
326.6447311007855 618.4473999056335
705.9688464371984 619.8356432720885
424.2922601630124 808.9929374831581
703.7521341554253 599.3502976427383
960.260858457734 89.08354193953349
141.7557871938153 783.8300673053097
914.4838661122434 426.09349684066535
16.9739726790602 306.03754117509516
859.2880260445687 334.1653792172352
391.6181851061619 514.8756252041372
652.2872704568892 123.61592664992061
247.31584336682732 102.48699769203972
344.1669415423403 833.4712725540763
878.921955400262 299.3859471038486
392.4534856719505 615.2283582976746
806.2451529111937 312.4576984387055
117.09123139954191 532.2286152466664
292.34253359447337 267.5743664977497
959.6240326904464 966.5688235087308
948.6376148235337 536.7410331330858
515.0068497633262 84.26351462670311
579.9684847832415 479.099326058829
493.5482325369669 99.41176853026523
376.77456851602744 305.77990491906326
740.2114457733104 399.410861752453
796.981365286056 990.5093019255524
189.4788557438297 945.7980767098848
996.7449673982455 891.0407983141537
166.21012763617082 749.0908257904026
467.06893538751194 20.893056692920077
756.402040839466 631.0347347401267
612.4084138706507 716.5440134621865
66.4837228978028 933.9581113881027
367.7271715907766 782.1418844413855
65.75803767387511 314.4702070615798
592.0754887120861 61.95924597622804
363.82612979344344 267.5302167563877
899.6079014388852 790.2298294081127
713.3090221468988 566.9521677873938
793.0616707870981 998.6722201673858
247.90647911292186 379.7010084102517
450.06809792203285 723.9182957640113
466.80990480480443 413.8733640687139
279.2709083056442 750.2286832268724
758.712857923625 94.04575342901667
411.0768444120004 147.2911269585746
822.1388343563447 422.71241672599814
616.9654430348396 918.5622355667657
683.533456149378 882.8237985252008
761.6368788598123 662.5266093488603
140.54329622204008 463.97522030704664
783.8776283203298 267.4119845118802
365.13180539143764 653.585521070464
374.8760650960894 309.3124413217393
89.65815699056468 24.44350252754035
976.8205732849372 4.336459295283035
268.7717847252862 871.289242179138
459.96591603703365 277.31008537284816
360.95212859068783 201.63701736820428
852.9533466115915 752.7299459132223
405.74930872858096 269.8348387564274
799.0228966151182 248.07468591240024
886.2584442591066 758.3950898687837
989.857356211354 655.2475233298101
961.0863352210446 656.9199904809466
689.1487148160046 932.8367392932956
26.04643617945934 866.4840986516582
599.5799883608328 300.0449670378067
723.0439217071382 566.125582561844
749.7663493703049 622.5519447008428
452.0900229396918 418.1371879099892
781.8016830255433 411.2400175326879
162.1102883772664 760.1361331849539
5.407418984678891 816.6252063326934
697.1894167034577 34.43228080316252
851.2829536366081 495.00088913369655
257.12020687642246 839.0019825550605
904.1077087161134 246.7154017728219
594.6023190130433 149.41476795080854
524.74731197051 882.6686135666085
416.1620079721534 457.34897088768776
181.56673404535283 862.026790130601
79.840877866597 798.8709504187441
2.3565244429065713 862.3192055006241
89.92857948481337 904.4424093127225
731.2276739655898 592.4935928924164
77.490473821477 992.6587971526316
228.93443613770305 840.172192300051
925.1681335219249 51.01104869154205
890.4340975347712 956.2638222225527
445.70692814146287 799.5019844939911
870.0955430132316 723.2513834244786
555.8917029754862 916.7376789466028
802.8194650303354 827.8887630009208
201.0480144751299 523.1534722605556
788.4345560573147 964.7044887933372
379.99291535604164 362.3225183905753
767.0859399134504 933.6242056860989
496.2958149290676 598.8352024237973
54.93339860338009 963.1875733072511
918.936847460164 660.0254221569534
732.3284703898231 890.2496947302292
73.92597338659557 88.85967567671304
780.7414856986362 757.7207705775635
608.1738144189688 946.5936131116084
350.06050541079594 853.8122696138523
167.88018576998076 906.3400142764365
304.4861365184055 209.4214442221164
115.93462095282736 812.4806886757336
243.09786269534973 94.70056834644814
76.29815146016395 145.89473584134893
520.268663243822 111.52092920602374
538.0633593478971 531.2635249832618
401.456480317373 65.45588225947586
877.8653628249028 150.25319828673832
381.5029799464088 919.0713470593246
66.54399140699374 683.1630180677162
865.4207408021721 777.7261883998729
14.432636694372558 191.66840996525835
865.7527144809982 39.74863490083147
979.3772086723558 176.5753654579677
105.93836004690694 554.7696663944204
712.5641149124209 897.0430385363685
935.7229889276747 877.1577680100045
49.463428193214256 921.5194926017272
762.4982692385998 475.91349512493565
466.6695707472909 795.6751561688106
281.5633358719423 68.04699387899804
720.1485596967522 658.9075435630847
648.6476087442765 79.37475645966518
56.377502420852046 618.529740864823
879.63793841554 604.8368265187135
645.088453589429 699.5441819739577
185.30419509165975 139.84917432561295
820.8052305197606 227.94252366420608
652.9192663263332 784.8702240702296
440.08867309783597 576.7612566073084
672.0204980585895 587.2744195096298
162.3820856668181 306.6619407466241
768.1616463969929 177.7903019924778
744.5753137115407 866.5938681246357
56.35570505642584 883.1737159235797
502.8822682944014 185.13598135593134
355.01069785986175 52.451699403726735
940.3537442050895 679.4043094092176
111.51181296806001 420.9863669627003
164.32326573255273 435.94968311432626
682.205252884102 954.771764583226
125.31094024755707 576.8599234881879
182.39027247172922 766.7914815848546
897.3862966948968 114.31989428676947
76.02770045310692 377.9282062018002
189.71802410649408 918.1712247950521
910.2250579560322 806.8308407369599
30.015003651100656 773.5534196419172
116.15905327330522 716.3088621976802
92.78922534704581 889.4965289414074
595.9489935311456 118.23734021848186
458.84858749755955 634.3747000834297
894.0952050035607 944.6204638343603
687.1531682279325 720.4193845954005
112.44882826202918 129.37539019253452
956.1457018725727 537.0294630728698
369.28032727901183 713.5620990108331
688.8934234013875 841.4050004816293
525.8661071954573 886.1992231467372
514.8552195713066 555.0704567651504
108.11394087377435 803.469946887188
640.8137602321617 986.1417748355053
836.0994430653711 491.03561717423685
704.4903597701636 399.73153351439225
940.987603025775 127.33959139294926
966.5849702874679 492.6745897133603
496.66473605949255 530.1971577404029
260.46222146062524 993.7965160461142
322.50781232336345 724.6318076783099
463.4292422053553 307.23564221518853
624.0697586449774 56.832254232958014
379.5289957353546 843.8687021716861
430.06103592406686 437.26837494479497
830.998325194039 444.67934836143417
56.85882582160118 945.418414440663
444.01722270159104 89.94762760548225
285.8774083510699 209.22417479395827
84.10191585508909 909.4275610672992
674.4844073845135 684.3045089705812
147.4712837082338 361.21933764143546
437.74914819881803 201.12161444058773
946.9422895161671 330.8312579763647
636.1614696202782 922.7090130367775
244.38723389132943 816.966019839629
983.5599365195203 161.23374568773065
576.5114692051854 816.854828838295
449.86106774210754 338.57965215667554
396.68750100048436 1.5016880638818453
974.7817577073661 744.3023946814966
212.807437739314 779.9897067882857
31.599356467619355 643.7214168361832
839.5925480603382 392.0399860878012
484.0951262772678 719.5774423749506
603.5253209822599 739.3028995183153
165.17817496657472 792.5987974629064
839.545645850008 768.4003317236811
872.2891332997168 259.4835185649901
300.87986147873266 352.5272019507686
22.533604549925812 711.218481782244
166.84720293192746 783.4586410550737
39.597615868176675 750.3204953006784
178.2156544119007 182.09922009919455
654.8487074816942 112.49907398083714
55.65485136705461 363.2490846954106
696.6274735786662 816.4037370531235
764.0611000143041 949.0512054158065
614.5866441193323 214.53366797023565
374.00538567058607 815.6227952785372
940.0356067613129 499.05072441337285
241.28247732280573 278.66331359822385
118.60041401699317 428.15188604931944
976.5150735201148 776.3701196645657
668.1105973010739 781.8200310601561
208.99439888184656 191.78233930912825
412.4755895607142 330.18744650633425
462.4142793081769 371.71231271516933
621.41552483102 903.4089950924632
554.8828948233962 845.7130713947575
246.26214620890775 488.8575062606308
811.5729563040301 226.06931827578936
83.6478528708674 149.61635504143246
35.59718476219076 278.58883414596835
621.7516759507793 957.6600879741278
621.1730304729923 194.00952676829286
