823.3591919091737 685.422680047077
38.79644645964531 586.5822381106328
494.75339445369025 473.7603853202904
367.7735981130075 410.8184003532628
967.3364162442173 730.9240936086153
267.9918689704547 260.2402982712628
857.8481699184096 964.5259921277973
542.2861104340365 119.65534979472214
283.3378682011128 871.5300251450768
465.44376773005433 936.4833602072472
666.0783950168169 622.9057863357007
74.43328578444375 266.93355493557294
482.9932761602146 273.74116475918686
806.1142032046519 960.985677959428
427.8881444782553 297.6235409100223
310.5845125316749 920.6296122216471
807.3180731581875 760.7008591575271
11.484890245769485 498.04410152343513
374.71121817829976 448.68559154017254
258.9933345252604 413.87251561930316
222.4082248892161 339.1660231870165
726.9080097023342 170.47920644707781
797.5656650421017 171.94090844028187
42.12999827932473 811.0473256111264
585.4112436333178 511.6952796414762
503.02191951949624 532.605344073663
512.1274128965586 620.1863669665902
142.53204923455908 99.54563485428768
659.678919887433 659.2106083629633
322.63817347439317 223.92580870557222
456.189066900852 230.97387991783057
508.5791114410403 79.81936391466161
108.00872281056894 29.08889369597434
864.5058272906875 901.2091875772629
673.4103303403724 421.27529815161756
836.5984655657188 176.39388777329356
842.8797514359547 113.93930114191409
945.3595222384813 296.6034251881524
187.26598375370028 659.1615710204245
595.7071944875069 642.4970935735411
362.58950975865133 456.22323735038105
831.6575569294357 999.4437945444223
519.0980624421803 72.65224462351073
611.7976082413384 880.9602734479288
952.1979166427985 163.87251882085997
362.4160276317632 809.4108523747817
854.1782353869831 5.89164781735485
277.0717846293571 854.0472070238869
878.184518183134 672.0625556054367
74.54547878292117 758.6947571337444
109.686586038934 182.80797064082398
701.5318702053793 804.867777031666
955.7255593341288 536.2964808599311
772.0963302891892 150.82227272661873
408.5132822937444 388.41162235053685
372.832074808334 763.03240555837
117.49675578150531 291.956592949808
230.81899429873587 213.80248659247502
712.7891796557317 827.8887235453643
140.8987733828305 557.2032445894724
862.9082813084476 665.4793315309041
979.4455217320639 215.24773644264428
621.0516884404698 573.6465740609418
593.7248643293926 307.19874365788024
716.6780873027546 672.3099382444943
349.0983857826342 137.12588604972177
582.9521501851351 760.4668393544262
140.7448651777341 618.3076996052662
75.64991319505177 386.7934034263462
232.23319051749357 257.8000644050187
35.410942358277794 438.92294688308533
370.19657445064945 950.4689418891567
72.76203741908883 419.1573502803851
242.52108315406207 239.0124333225305
214.12666829649373 247.21788968236956
496.8760263810551 884.9730043096531
337.07340335571934 384.7438229950697
217.07762088999948 565.4678966416872
644.345494997536 311.5986976790527
966.6915748003353 261.3420781503094
778.7528792789459 900.645503593227
252.44389321404924 434.6743086563746
564.7970627525632 35.50382609915814
534.4237956076234 407.04442624368664
777.9382346115648 894.9033016417077
715.7263898044603 444.69511727423384
788.7031112034518 687.5996842533535
381.0968131701757 932.6994859008814
406.3710459942078 263.4209235679987
922.3017800213311 677.4709771819862
755.7651340491634 948.8625615101108
87.36816474756381 815.4298923696169
560.7137056933849 159.75320924795565
421.4930121430933 25.36638027949911
779.0373038446367 828.8622854980239
529.3425773218405 743.016911530511
136.45470859941932 452.92413318444045
81.62268228663949 858.5977119984703
740.590867357489 611.4036830830643
13.216554859571739 941.5150888130173
621.3087703194925 138.43089286257725
415.85014821653755 381.19892232947825
739.8762603765792 739.6823058220409
215.1596346756257 958.9829085144573
737.0176173405613 737.590182767085
840.1987030612889 273.18082529250256
448.6893585045517 801.1104680862984
742.838875648486 127.98512894260972
8.458068822590148 970.383203307272
805.1787104473628 466.5408042705309
176.64782225577014 21.97003720517998
384.992504012206 679.5235652135327
388.9633180520882 236.95522746366936
992.4134407520603 152.7786463687132
901.0840498493093 932.048090878517
365.45919751838187 731.0522607965652
320.76405546813334 692.9263712594345
17.673398227230685 369.57509695416303
765.2607928759619 109.41169494315083
168.06913485894137 621.2333204492861
859.4553338402945 953.669562233857
331.72567752921833 764.2891481115114
798.815985481831 165.47819241423733
748.8032389890593 314.08988952676043
741.3955865426346 712.7120465472925
260.4045491889949 381.9305702129265
864.3425069713378 380.53702591833695
201.6265847788039 845.212157427077
522.9439751746866 809.416734368661
375.3093133689547 575.2636183813182
84.00970414369601 649.8796110989117
194.40248158921324 32.67293721273512
170.44255942997466 531.0995528114848
636.5360908269068 384.69850500182537
250.13257953020306 650.6932011548475
741.2932682566307 925.3090046436888
729.8490407798765 184.7390390143717
998.8493743669034 985.6266073132103
973.5949726574931 389.87532714784555
128.0543087292556 711.0243090773486
954.9269677541705 223.4345735999208
422.69983833408406 50.85580006858237
574.0330204837146 542.9248808991729
56.627158784514634 57.771470439351155
22.89904262735465 462.7692263376365
481.4945498081431 125.80217286971407
965.6850825717479 244.06583651574954
325.4384442252727 109.86771197329703
716.4701565217625 172.23386011398378
6.525967293888213 364.0943060975412
42.81446930048738 237.76065339211883
611.8104284340704 612.3016057203656
701.1264558382337 76.86833837530426
460.96575880478906 221.2463873948468
318.6111959312088 551.768514812671
172.88971282585896 885.6866537771368
776.6162102085954 554.276325684531
984.3298623908894 954.0564543824297
821.4788400597228 101.90567596866696
531.5002641452559 624.5182089423979
231.51941818006517 562.1699810428393
298.82103707381503 23.38597850953683
502.613090349786 888.6634703952025
463.32693647731224 741.389765251847
679.8117792647979 81.60040031781935
918.9550366676114 747.9770533681123
658.7779672209247 695.8405110351803
851.8359277869729 729.8251145608901
8.329633288562954 111.03077053098332
355.8767215033657 806.9633800199033
124.18602771465636 451.34544704871604
227.33816749286694 268.38230281689636
314.04205446531654 496.4075633549685
257.7724715043471 438.73140952352605
235.3888257849105 660.3262388803405
56.6021419458359 38.68593433517098
960.036321152046 132.3869764424085
677.7848207488493 433.78785756226824
823.0839327860529 570.7822456471965
99.42217666957819 980.043929083366
129.12295616123183 319.8721063990287
910.8360867493992 269.289675688253
734.7446925467652 981.8158547703968
398.54864498091433 453.30494601246073
503.9667150474967 315.01751813055256
590.7666538151977 982.8930889645126
641.9788742421559 854.6790463924874
719.3860994953098 36.612808407029405
952.6496501905617 354.8572978730039
989.1946166712299 633.5774790467898
136.52276253080032 136.77194287814785
505.8659227950302 925.7141964469947
348.57262064049786 694.7130683714772
707.502764075875 447.10080444300405
368.7766321022501 458.74920532765395
668.8993969080177 161.47578649138984
903.6013084921691 442.53767353734975
203.35940744477986 993.7426573671647
732.7879598371962 614.8905003857836
773.8174973022207 157.2670203199421
643.3632831182076 225.35158474371497
843.1789820687615 995.9908368123845
351.58873150775617 986.8913686622717
443.2040933544267 248.86501911912728
903.6020473675469 972.9274902198498
421.9289184829189 613.8284685823488
366.792935449749 321.23100861913775
41.52806378620932 239.53757957934886
976.4945251024693 353.8799185388184
341.68897234504493 305.2771868274461
286.36056288152844 520.2725696335121
957.981269796358 162.96068493350325
285.83821475383354 649.3157078363176
890.3691453020666 609.8529384383357
894.4344084669111 357.252982181347
53.92815515272142 736.6268333820362
720.0140733866699 99.20185137989534
311.99270557757006 452.59069225296224
477.15583433457755 275.317851795411
91.37362540019379 228.4000877435285
1.6317955400622086 6.606926007421077
609.9503140992706 816.2943238571469
368.36570919509836 680.758392588891
208.85498289835203 708.8746926682975
222.76317135389434 134.97219446968612
274.63148922799905 879.6676226586396
69.09712535221813 390.60591954741784
761.1645921972157 912.1928577802522
924.6702702027684 183.56878936168664
376.84001940409564 968.9831166978574
444.7655166536797 144.74071891864992
89.30943244424915 177.97844132577646
350.93445472463424 376.2972261396608
718.3990128803981 920.9446693257696
753.9630260473838 342.67122568415977
37.113458822435994 197.04255737797317
752.8924871767032 448.9854368415941
981.3524248257135 704.4000887267431
512.763021459649 415.1399474631503
280.86954811073616 533.517371788466
876.2860831834704 570.3414751507196
67.16880312202423 398.5601887045457
448.44113927478713 490.7121904926162
788.4468237068849 146.07441540889587
8.030973643743833 981.717464399335
67.3538323689985 875.3805193575777
46.51910431004791 267.5040195828938
974.2599489393291 380.88367232372923
212.01203102718102 390.8405889751744
556.8778122998266 783.7616770703081
445.03754910295703 250.20566415541134
366.5063255692915 158.96942143922556
632.8103494638764 404.66785718985375
151.8243595493075 683.2250010428544
679.9640143498749 762.5564371831294
853.0777639580168 330.61963306256683
996.2687976045978 536.520503126848
522.6663870218257 424.71943912580946
535.6425544784747 395.427744218936
822.5525841519319 419.50450393522243
685.802149722054 572.654405351233
304.57602977974807 126.21611451077386
504.1910333354231 800.6701375737763
766.6746473055481 229.16099940977952
23.35818737091944 333.42293389103526
596.1743258307242 340.7466517151797
607.7524818178946 990.8807618617811
160.72538845354833 34.499172498825835
633.9357504171276 114.1881786893264
988.1270599640987 264.54162204850985
87.50660988078363 555.2476302619168
688.1951935896919 330.98674850550583
22.566450129128167 341.1370379921311
312.99330172123405 82.9254426699797
213.34795650695915 451.6265189198716
126.16025911920848 364.1682441532361
742.6656431620058 227.15841044393002
557.7322931413167 801.6237392474994
718.1366434125483 285.0073435227973
457.77141820334253 912.1748044503969
784.659639897477 462.9374105622803
630.275552643569 161.13955848204776
610.4282831298234 232.52573841539703
28.260945402850734 43.880884646454454
63.79484282821157 228.42351446500842
921.5700369519536 481.85479068456016
369.5890146902616 25.176322310364597
810.8736378745992 825.3643553961018
136.0352594582729 59.82814573956663
854.498743135558 537.5128682945016
777.2021057916369 646.3839446563753
99.12856450767183 197.32591261871514
520.9547485097956 357.308436964652
861.0850322549973 804.7390334719978
888.6723703432004 657.5890316381816
191.8175800874632 496.1242286086791
260.53006392808567 568.4933696776752
479.387004533959 686.2545163241783
898.9344006885523 311.003333322596
887.1467947084884 341.08326977626405
592.7410331235176 333.00821618489573
511.48779776429967 555.4407604354137
906.1712731821918 859.6924814975579
852.4276245156075 860.7274948682892
868.8841798115761 123.15398519670562
433.98854864574287 719.9100298115177
827.4495699571603 725.1411307268421
185.72315950897865 480.60190294064074
93.50591182257905 165.89777233314084
502.41003032962516 651.7386158639854
970.1773234056961 432.4576658623149
735.8564968441825 745.3324437661985
715.8615469895229 681.3304865141042
240.90910237070972 82.01886678562798
13.290867771349246 473.3740026671344
997.1869765285055 897.5837226973406
551.806617860558 722.7479948404048
258.7165004465739 807.3862355919322
402.076898900669 507.197174219155
645.5609902965658 186.56966912877326
965.0264079695662 153.5121942330071
584.7019157840773 306.1780087637629
410.5361661371697 559.8688630472889
31.843099400596376 128.77388451301286
686.5101678619286 545.8480002825286
961.4729438064804 511.8790847512904
375.19480683304295 131.2890128765357
199.43413954914735 193.53555514110954
901.1762541816015 36.732709422312546
790.4138444901397 341.51212737643056
854.2697847142233 371.0598661989476
242.18226479635996 636.1573997717782
480.5543196416199 426.0338217346651
669.0704778775108 826.6274708442634
716.0944053213765 732.8067776130825
69.09345215338159 451.19188749881323
490.4309089428577 52.05163894255138
712.287796819643 944.5496022118181
410.7106752362174 767.2316797626307
892.2474708781384 668.561830861505
352.3648045300001 229.6230750736279
98.50592511876766 497.5360376089435
928.5339195221859 964.056036104508
4.325622148198205 465.1717609512872
287.97793335717415 285.94245045652144
532.6213000017141 637.5051721904937
199.996908376623 803.0089263691032
662.1567075583564 814.6663161792037
924.9288267527052 479.2561461204878
566.8187804348822 883.9892404895123
940.0788850717363 424.0169275796174
142.68719687154984 647.9917608847811
193.4741241804785 335.5867327961689
970.781490784151 732.9685126652305
191.62627679491916 576.7519505832457
287.78192680486217 747.4169772096037
892.5248373158931 188.64341433567623
592.6841150659375 204.2432283940092
71.37106906157842 759.6930765629487
104.2617855669643 846.6703369888203
554.1034836320755 958.0745711130745
402.37621012710633 924.9992672371727
472.55326023258647 708.8589185610126
235.58423064101487 659.8483276973033
485.10841103356904 451.21889304620623
658.1618117934936 597.2239901786377
728.0534885682223 646.3666642418559
371.5733403985229 811.7525403693642
115.29132587561952 723.5113124840235
388.58134353119647 946.6283033203476
487.9421961966527 948.9739300445095
912.6053140934243 892.311094694423
30.354621577753814 282.69996583004655
630.6022283202637 500.7315944952574
315.35162359449373 146.75985862370933
454.6557408422639 107.74080373373084
319.0745574226753 172.0304463001815
115.62454856106719 793.7651243992967
754.5766636813765 412.10158227944794
911.6151556367613 251.10625031808985
113.35644516491861 217.55353943261247
344.7078045356994 846.0508880805091
875.3110851928968 949.1024023175387
341.2786143987867 964.9321893303812
450.1283624268637 974.7128155067097
244.42512369525704 15.511565639696578
546.9252065879346 943.6277846892973
791.4160817955078 518.5253212729737
833.9794685501663 159.36823323576533
844.7511873621957 568.9682576058017
946.6913438902083 984.1055442046331
732.3294606822792 572.6618438732417
129.44906190059436 598.412046934113
670.3901004587437 570.8818995118396
55.86325528108349 113.24660823930199
892.3028408241995 654.2969090836543
661.8729683843867 985.1331342705404
786.9494335976566 937.1948350677726
147.51579408478787 920.8420989312609
562.3518926214567 313.95250398837237
655.693154304967 974.4862826777069
693.3667003992057 751.9288671392362
520.0512388322157 337.7936984815809
686.6790505446088 188.43944338855823
389.1370713617406 403.42239506728794
501.9945664259049 194.19570713496393
980.2780873613777 41.53286519150734
305.24031514737624 441.5705066683987
694.1727684808383 671.4360411618475
97.75095574132297 673.2763431774938
829.9691040156457 632.9856934877677
164.83010229625438 305.5202353506915
680.6462559277952 566.4864417530272
217.74035893506604 19.425612738456334
359.8045633600393 995.2392463380385
565.0906762896776 695.4879992609002
813.5072085460898 71.4484537580895
642.7525905766636 828.0579115171569
104.60690578200027 494.0659670441566
755.8518280962443 120.32076412994353
722.029158295407 936.2492634047912
942.0452626875397 304.9707340256866
363.773217783479 930.4620956725328
452.20761105621585 361.7512223308872
369.93083662825563 50.84773539623389
462.8161700397385 210.26188080172804
740.8117746825174 405.3566747576125
283.7359517379906 644.9082336698646
465.3044219980312 904.211939121155
505.7718017165234 748.5968265466096
705.8886487492235 506.64692797681045
244.26774712808907 272.7552155746542
239.25722637728597 664.4518072118843
878.1984802173198 503.48250879287383
435.2910898808994 478.7169466100507
458.61140740738557 947.1132880402077
972.1730752681966 665.2624847683348
265.94199236483576 763.2035620123337
431.7133614662494 284.5951769096968
832.6392543264442 248.92479032281568
896.4994456974133 333.8352872973476
115.70222074741032 836.0775324403619
679.2718652033025 720.9075016329718
403.14205480765963 0.41413120439537376
354.966892348763 845.3919076421478
969.049109341001 202.68510597797297
337.1553194773623 995.7819378538746
453.85771980745193 481.80159726917174
343.1466996661212 39.49863348903915
439.56582384334854 602.7317726887301
225.81648978749146 429.86126001895485
714.0807088365358 725.2267457381056
815.2532677281822 383.31649139757405
274.5258203443405 404.1969677026178
609.6117648190653 190.57975662846772
206.25819252325462 358.53756509688617
382.0972516838289 16.94365425823474
192.509675414532 852.4271790991396
29.79459236316395 219.86042205668767
558.9792677488421 721.6014563681381
280.0960445062193 166.0064528069549
438.36829437829704 46.82907003235981
191.76928474717525 765.3887993434868
851.7635534110814 227.7945982432663
740.2474216886144 456.65511203368226
246.938417908793 742.8190237137649
160.51123032911795 175.61972331689057
308.0552154760657 193.3256818693675
135.97291528832233 918.1206201695346
656.9168276443768 326.6851808674026
368.0600132694785 868.6732469339414
402.8290399471761 607.0504071432758
538.7370563167497 707.9887244298807
366.29967015255284 561.0184155260787
186.9913216708775 635.2759033420373
201.21431183833195 563.4330019796537
560.3487623092913 845.3476176600902
570.7926070370975 948.3684007394555
73.77431766271347 685.9038324172333
994.5431560335377 331.3107913267465
610.8510463259524 486.9653324130275
976.5988885172737 810.7809641936739
535.920327169357 102.28351449974183
550.2294780993898 281.1184424751615
950.9054657774668 531.6531458347112
428.9906484928472 432.87308647901676
426.82948568614177 603.4068710511182
541.8846468425055 143.22784637806453
167.57727126096535 587.97133226218
848.070510973239 866.1017792581404
322.24114564765995 786.2168251306532
976.076183338409 320.05997095550975
952.4279196691198 590.4334849536018
413.1291411606506 241.8829353010693
982.1948381748011 251.11925440101547
682.1359334999629 224.624877069297
310.82069568998025 599.3654085785371
187.00534677775883 691.216693113287
152.4073340147225 272.47815226698305
181.42368343807547 868.1463448997798
581.3461879178143 569.5753775831006
621.8549217233616 218.47529636440922
208.97297643979806 924.2498180985958
502.4526276275476 169.42707044301974
894.2736095613285 122.99138207832382
637.7342639518652 127.00974497461037
400.29249564360924 820.9123780525091
758.2828800987871 708.611036321903
947.9340766702288 610.422089311235
215.40529493612004 844.2317470575144
690.13742524596 883.8471354457137
552.5893865141904 897.9988154639395
231.9424522646898 997.5974776430843
694.7679435774979 243.8268140913037
455.7559190408462 793.3276573146316
530.8102112830833 792.5726428073584
76.16377243114336 360.6456699285595
220.32599921639473 812.7550457696595
544.9262764860762 36.273192971298826
642.7819524547895 12.887006137637712
154.33049769050376 26.161781659383987
25.093215005244197 260.6957374769311
445.864578565502 709.9223684425498
933.2678487617893 502.98133044576565
321.2169260772089 641.0256162399493
494.3454588466462 419.5921258711507
573.8924221475929 491.5836259440427
926.7855625205341 95.97078258184932
912.277033586935 707.1238513950193
200.6253088709552 530.9523980687062
928.7712960323398 434.61847893491125
923.1402102124574 109.97164393549896
884.6518325622048 366.1335565277399
351.4053898448328 268.5634512776476
626.6096836677708 500.8140891577855
770.0694679905596 447.0173747741537
428.4527446417462 469.5227073797318
340.8165867147886 94.27329740543699
60.24910045194287 989.3010052419676
929.4065847044265 917.6215870027747
927.2269223806262 218.9244260527915
346.8474838312793 794.4987112468286
692.0354709766503 272.17285984715045
903.167779511768 763.6443246475573
396.5112322338573 912.0409927235905
165.4212927172576 295.1141732398812
732.8819721723306 496.9637233644305
335.97017704430743 602.1178017718594
779.3805275366957 579.2337387127046
722.7564306622282 102.37847442778991
211.52956144589675 166.1397397886525
360.1865411292674 262.68782576364714
727.8970210318753 545.9554558352346
957.4169310493157 967.5550718674446
187.9116957505802 753.7611972642518
0.24319100228131774 241.3271823625234
749.366810260092 206.1811262205423
13.459257478332098 622.8825397706578
114.52911050223192 769.4711448285708
702.4670555391735 742.9773966301541
846.3095681518586 541.9936149789455
936.0814120197092 686.5514951916136
599.7411568305822 929.9670580321042
306.8884506081121 535.7746768455831
29.048070535232064 174.4802118592831
311.1807681012496 84.34400827035505
76.87997586183859 348.1115233986175
27.405542520157923 89.51685041002067
329.8235803481183 981.0966568246114
540.2268536386882 585.5918981976012
133.09356893686976 899.8384518551743
256.7169560198446 721.0271956001428
197.34317167378512 564.6546027451689
691.8553286475056 301.11011117522577
501.8242585281907 179.0109177548871
262.42876546529413 719.0713896586219
400.66575099576806 109.08874035393946
121.5894201998855 240.76145487782242
972.8283975943208 700.3868579509448
90.74188805524874 671.4840656567922
821.3323447007418 407.1602613702666
301.0949472055498 278.30890804142547
723.644127608535 260.8489585127304
244.12640832516553 467.16102725481426
762.6475815888916 95.25228143982135
548.3754437495239 121.21189144352252
826.4130206488381 619.0550305978069
949.3888900226581 695.5734275297318
655.0180809813918 380.41405525856953
600.3134017068553 133.0224432289464
933.9618767949593 903.6648826956198
82.53912262804641 416.4602366682636
286.25439951304134 794.8097768923948
218.96389549817874 106.0378860114568
399.05113061738683 410.30028132933796
66.86235117971707 522.3550886278869
935.7424483653407 762.7285815931842
273.0069598834407 331.86610006895467
330.69611565249915 697.3939254752935
310.60328020786176 166.60391351944227
41.39086266470782 15.31168368406599
985.7649315036103 567.5594461697555
341.46702225062074 141.08397463237787
0.6682804159088285 979.5295277712046
278.2605253737577 138.1531848582186
291.19092390201354 744.9741303506986
989.674460792734 359.31003344911574
318.7517536370884 45.399447266615155
177.78243682770145 786.9305843214887
489.2348479007957 521.0105698967797
170.3462793981594 165.26727440180255
396.29321136531405 862.8531923731684
666.4701992990166 356.22132395756165
641.9928564915039 16.39159009598723
958.9022575462927 960.3745939808473
574.6710149372437 761.445238295944
153.03338969882762 136.66169051856448
402.04718490883886 340.63433139399626
661.4327643189671 726.9131784049025
787.0393252141197 496.9600361354619
42.798082347569874 245.60411744720201
214.40167645070363 750.8723761474328
75.4876525092375 30.49173939837191
128.2143663024451 998.155220830455
808.3407725716348 866.4294691036276
83.4201509781104 542.1840565567493
215.2817231723203 692.4947140954918
929.0160668743566 487.58926000188154
995.2417916952141 581.6701488374722
346.1732568353617 17.08359453845798
5.222860501128523 42.66954804554346
901.4716977168124 449.1898908467675
791.864859064813 835.1006360299745
143.60028512123435 131.83080414976112
695.6692386573598 912.0094522399429
171.28763612567943 165.2194128336909
42.068451893717665 807.9515543169595
530.8922352520922 667.2161488863571
4.821752594645234 776.0877903886665
263.9951679686848 795.2934143164922
829.7557950260807 244.40334712638224
418.5022754715314 21.477011126334045
240.6579329436823 709.0003458057275
361.1771509373091 220.1086506407387
14.169337672421566 11.516281139375861
785.1899245003855 973.0015562589925
906.813638556891 58.071780593355385
393.18133805287556 122.53700203681194
344.8362882482102 428.75253343355445
854.5051650369198 10.476547960412862
546.318809134261 999.4825737374962
784.7267304615019 28.741191621245
35.07099241094325 652.2467625425446
176.11867374001233 78.13513207615796
827.0933256587668 384.97247513280166
919.8094812894806 281.96867771011694
922.940941494217 648.9817313037804
803.4046987801136 833.7609828258296
123.109521833339 539.7769633154045
642.314011788602 171.68022778057613
598.6023528964025 546.0246143187345
8.682330006530847 767.1052087694811
95.12738679719135 921.9528705815153
358.73625642375697 690.6690443919205
126.91147632307253 389.9809378772312
227.52202809195376 776.3718981605407
24.908726642006386 803.2493577963346
559.4247949898771 642.8268982482358
244.2182901471054 601.8217628182715
173.52304594405754 50.42887248860517
906.8167347877134 381.6806186381537
824.7463786286231 74.21353359479698
158.24836180600477 662.2408272110185
314.96854168987744 354.3997439035933
550.7068140552678 985.9564434280725
632.5820176138084 250.08551055758878
329.97938003816876 812.6977138137877
154.76424749078677 66.29365906010398
200.01542087113066 281.9269403338225
533.5598323021621 650.5407868710514
866.4186767700289 807.3031854999867
5.067053909519559 562.3287580182446
418.95275208911596 641.1977154614757
510.43102138293807 707.4352110539926
403.18777706921685 0.703193193103635
198.00994778177338 798.605812696159
252.70569468701686 82.07168296365863
587.9951413723904 255.2273561386368
605.8202875250976 307.11760264213916
923.9291641249351 186.78818526923146
914.5573580125778 442.9737545239866
9.980909925591863 918.4076499459202
668.6795712537597 815.6899136115856
138.50023590562554 111.4444294501642
503.82927356009554 698.5147805120151
549.288928077291 908.1685215846426
440.4021101068708 97.30438289579624
230.18888415498873 686.7097271989667
508.55266390860675 578.350731398102
768.0023179174474 950.9710805833301
54.773188545998885 488.0265937638479
389.4230820761384 599.9222975325441
96.77491795700487 898.9937971962812
293.57184217649615 321.6655177189989
195.94079231123285 884.323816189518
870.892600711135 139.89136486369048
450.4075921306587 268.7311029518987
427.5813755661076 203.82055768715622
376.87419988350723 835.2213718358304
590.3823027566767 757.4525180653709
645.5221864535865 75.80787450430503
653.5005104173338 849.9189366103953
859.9735249479127 966.5514748086617
747.5451717209181 755.9671743499695
832.999873599724 920.0307152884504
859.8298609881014 264.0746145095275
98.73624827314431 22.45030766344791
416.0218571006586 959.4217779937104
723.4415415760499 897.9478209550973
345.04597564181273 379.9283902608044
829.3872132812063 59.26009425212253
292.31229808821746 455.78369386508746
630.2442759970438 401.7619490356882
920.7516671381776 956.3779048346577
191.3782801847168 576.992174763489
44.806377850595936 763.2695077438972
574.7506202514982 342.1325010450075
679.4382157526152 663.7983650633803
505.6637776898036 623.5073155529359
954.3792230443053 17.182268706619098
207.37694068683354 955.0232718551522
243.26554603799588 83.41030900930357
589.65810360413 156.56959439082328
787.9579143439452 24.973691038537083
548.6267955276863 602.7514563241496
560.266943703773 592.4504844105744
737.7817847113934 198.93002667022353
96.46552812171838 287.1879031024144
803.8961338428169 229.3949970039605
564.38404834782 357.8022134301497
746.5020566791908 571.596295555087
378.548954680998 331.9425445572777
755.9759476056236 380.7137511524943
265.73884497821956 910.7417398682085
612.7743563179852 240.44471435661418
801.4964504340375 960.6040750286043
489.1591510082506 948.7413001040571
87.54871043528433 25.45603054334378
784.7910030248996 561.3307170636776
420.75170470306733 252.31270074269574
448.8575559437299 51.20319959782138
516.0906937586726 873.9893689183434
93.94318605859264 958.8541915795897
89.43004325873916 425.0141175026605
90.63544214466613 705.9184121623543
380.1214963918108 680.2739668067641
746.9026015341688 823.9357653265473
499.2435865280671 900.6534988705298
622.5659112678708 210.33962329824442
326.15907049816605 345.90161186113846
6.728997345405552 665.3605142322397
44.24103673988977 172.18857775564
594.8160987303573 386.3891900074443
306.0325322495793 770.2920758679222
441.9097836387398 800.444973791952
448.76900879754965 320.07761535225774
340.36779766455726 100.74656497240109
143.1061668001694 837.9149215704101
872.2380937061617 119.9841988921353
351.0605567950742 275.89896406554726
520.7795017429395 720.7437884713987
493.5841100473115 295.22057460575843
390.43543056972 712.634684033547
283.8574607892642 180.7579364124705
280.8962051730576 416.0250775976996
769.3018340704875 989.9373355302458
88.42523197071961 383.8896596719359
743.4724249328765 436.13775359194494
766.4132273835284 466.1267546916212
838.4107456780293 195.3902804752986
367.16346668457646 354.8027774800519
288.6976100202724 294.85054648117125
8.200348547900859 984.1339692362302
570.3619578973278 992.4982411206703
958.9327513366026 675.6168418099847
860.9653907804009 89.74459415658676
427.29227759776177 716.5702092566272
541.5958046088493 932.1055054313
41.00598888097507 139.45329468580937
767.1680068376468 447.8242271817743
464.45205924699883 829.6760639240887
468.34303149966274 450.30409456811117
69.58592106061646 731.2192233642488
16.5419306201845 87.43869251949232
88.21341932682958 842.2333600649084
182.94409197578554 759.4030264512758
212.9268269782383 896.8876946508815
953.0237179939211 46.19592302241582
185.30828987506564 115.09093310952623
220.0928909909876 187.2007715634967
512.5445440294382 168.3080285474111
374.4830084394717 437.25770952542985
87.38592306115345 557.5483265451437
329.4108466378149 187.21734872473328
151.4212295926155 928.702031484363
580.2394181985114 81.6726282759983
737.9298428410431 460.7536729568326
480.7579626357593 492.54187154515193
458.11085346208336 354.0025558455656
38.269283779590715 614.4025735249392
253.2784995310402 618.2719985662702
178.6869380245304 135.95232856385496
525.6519064743657 815.1905625009736
613.5086341713064 911.6995385867704
881.6565541975306 143.98009259440136
152.446478206133 308.96340032958733
574.1935462820568 276.7869710978044
548.6585205162722 937.4887559622786
614.1223674790849 647.4444143251569
737.9403328326056 282.458850561815
436.2411963386531 476.65558658525356
638.8992231548111 356.41432574241514
951.3384781768046 676.9380972401419
518.0480533197695 861.5646448256642
793.4282437318307 922.2732153594084
291.91917421916804 511.20377816229745
580.0708473950934 590.2532623311068
37.71380921933065 97.41892407718056
43.719635861738546 988.6234606692981
414.66524234703894 612.0077218761605
963.3235418100024 263.4652438524925
660.2095766046474 228.4953962943309
927.9540588546854 652.8701691096732
318.2203592562448 235.3708375575253
98.01484791417525 297.8045000366094
880.9788663391543 74.135968076402
294.6306094675 650.9669656873838
82.21485907786186 480.4904354506515
944.101200242895 634.7927449785197
665.4672383275279 352.94933588941313
631.8464273061032 91.35912495843424
70.17786036692885 380.41890353276597
279.05496758432366 739.7995286985945
627.3459707842634 648.7313066861302
245.29137047692694 810.9338506441344
537.2346519061076 415.8662127590731
981.6026515417927 764.1754365113657
113.5348996517469 996.5636197323633
211.2062238464597 8.375486894904526
521.5567027940602 229.25884330293988
998.6295041983269 346.11829117084227
512.4309983681695 311.7469723129117
483.21032186187807 940.0816367526112
460.97019087869575 886.7111716033907
499.15697769023404 960.428312854068
351.7486460621435 134.22493919244883
781.9052315702354 713.7966588259216
226.12966257646784 285.56591310030433
969.2990049893602 977.308925926896
2.3779979121716366 411.15476417619567
146.16044484439405 465.11865929058814
511.66269578613475 555.1594146002899
252.10381527348426 840.3690259927282
54.667651616993275 290.2815124799977
274.987568990978 452.03624906347494
776.6921863887437 548.4685178135011
786.1869181060055 23.98335891528902
683.5379715608906 146.77148029826725
38.909046704920016 852.6514291313958
176.14213749283158 772.2948699607531
547.0620864642668 680.1668327667643
568.8311528612716 316.1615961485673
789.7277231825263 301.2445833109326
174.23357936718432 353.6431273197235
445.07638261959914 135.1194367441151
187.30429002506577 256.0805092156212
347.6037458430492 447.8381872894657
781.5764917695678 889.9493522926884
183.85511068469484 645.5976997636067
542.6719421831795 109.39813652642705
794.3445556771453 76.41526537764554
607.2643491631895 280.8155506756804
833.1636413516487 75.26913180836436
650.1040498476177 891.4595355426169
451.81473134369264 566.9487195358008
167.37721268337003 888.9069998888073
620.091806371757 401.2056924977051
341.58583672154765 774.0596132314173
674.3716760013433 736.398225206186
141.2998477851517 627.6683073970336
692.4672644080325 210.6729758222161
208.54573777142605 188.81466486121968
334.23325979577055 343.83039383046696
517.2610373034825 823.5147383224609
858.4043032213249 598.370626522107
748.1575326060522 722.5872759348631
128.68413069530837 794.81888913377
818.5002484817379 950.1545354105657
555.8938912251388 124.28098252661124
29.723269264047893 27.620632660698806
88.02633720936204 830.2805025284944
851.4680397670552 582.6992546391742
556.341763745005 742.2818240104133
447.542702969212 219.0385285053804
913.1811321444812 234.90355434425092
667.4665074892754 169.21772787392175
155.9602005553018 859.6794411739131
376.6761404290565 482.3673878999305
21.84769779002227 850.3247826993174
679.1357931435164 467.390057460785
858.9203619857724 937.8184004922064
798.0062875760997 863.7365275878032
432.12532641216393 428.2111239728763
123.19298864607697 743.9181407785308
806.1709668305027 293.9243034959761
209.00590937083686 465.4128351254627
862.5051615266524 108.40233062659033
310.8299743737564 84.34873476089311
453.82966526154456 14.335567651888814
386.61711563280255 519.3261818817425
677.1379965761369 557.2711060062602
357.17592385925866 410.9651933328744
255.0536126862686 139.28069476904292
818.6488803529684 61.24190650870032
555.2839757121517 51.45656031109136
331.23113661264046 56.40464027962433
349.2951134628904 529.3572427635764
870.0987351137593 178.23627644829944
13.850805066312866 42.12765991073353
17.678372525722907 990.6561665999063
512.8488478638366 73.8685862283749
0.8050876077420055 52.13179243885424
161.9266097834303 984.9325561540031
731.9776862277546 49.096762708543466
874.5968417740366 151.17494241030306
600.8364262562322 271.5478338036379
316.21357581452656 470.7901901779742
880.1513744335033 759.2211780368802
150.85749134813153 501.21481509712953
260.02345213694247 135.2235467384926
356.2687874139426 942.6806335560531
204.66510170728515 613.7217105904951
403.2447350584598 920.352938135796
538.040645091076 919.2688384592893
948.4584216902657 533.5899279943688
907.8113184952122 887.5744542893295
573.4438120176821 438.71138517425976
551.4432977684099 330.99983553369526
17.53162919887363 810.766189388903
94.00158074154896 346.78816311165804
298.8097362608072 890.1395771712748
944.0665021290284 622.0151088423502
94.72015016711777 461.44289591488086
222.37362417113883 446.47179048048855
762.6947992106111 34.97993622272644
57.19202530270429 83.16889683403828
421.270211406782 205.1857007777541
511.11973549856424 865.877406806203
583.41132686876 645.7849694029479
365.88964128097456 894.0974730577673
936.3127907577389 468.0191288815535
484.9425642186459 478.0742034467359
995.7359369014032 216.1424790155716
497.9390118050998 549.9550013950487
527.9783098297012 603.48913296549
107.04458196281897 101.91021894387708
828.8614849086429 202.76479471104946
401.7383029453466 338.0151665363214
176.66251988882863 695.8181143337446
187.0574895381818 633.9179651835761
34.703116410002565 960.9984481939166
479.6059660109053 586.7947666626212
869.3492914787948 230.3083762787449
6.317845688981749 407.8199560394796
770.4645169777514 783.9105361542184
752.88169792253 660.355488821214
413.8968118527563 166.15041415719045
351.89513574094724 879.2908004353211
289.3707248961428 705.107916474693
375.23319595172944 920.4401508138403
532.1934745005341 196.79218158247957
400.778487113005 983.6318102313295
143.47356152552203 975.4457292172902
60.574490990596644 129.09971204267734
861.0896444724839 233.02569943989803
145.62836161550086 764.0143899895029
452.4362002115524 373.78109686797535
242.00248170668436 14.46728497860228
740.0115018279786 393.9471248364799
303.49943897004215 117.94858370601058
242.20296617141977 761.9286816079139
28.157729418498366 972.3352634323468
914.1632884710102 40.946818055252685
898.9409395136959 759.6330232138253
107.46058272345826 543.9740658486921
273.4159050780175 126.19197065648157
532.2241830525784 639.8850403380409
962.8806526767239 745.8423776723678
701.7972319635402 940.101298523548
328.3158960417472 218.37408501985067
67.44606214714466 486.61039426124466
38.698792536717484 163.00866060597585
809.4655334959645 235.0908788460666
286.6311353800692 54.99098551207493
41.05839473456374 580.9764681654146
436.89832701792585 823.1527397771365
2.6559508832176837 411.6442741591563
795.4901688569755 477.277326973808
676.8864760407056 184.51338662110595
429.77734324509464 66.3220710801704
138.18646865201944 828.6916533676954
744.9528211642718 82.0300692667506
866.0893446257274 846.9104809004738
827.5105054025411 17.191038994207265
197.515176179899 854.8383737841175
403.4481330045325 163.78626282852616
70.92359622379007 936.4660587307749
627.0451303548804 893.480304760752
223.9819216746789 617.1072381564529
815.4803784528286 601.3978222770039
46.43911784821264 959.6608672788478
675.2187213132923 213.8510307346224
361.1849647659563 275.1321416644819
528.0094757525394 661.6594489481408
509.01361876753293 205.01122119215677
537.5037306729012 2.930523634584681
246.3993646156638 480.95984998203346
961.9118551061121 942.6460457906395
130.63128896247022 496.358292787922
13.786146436000069 341.12567923253147
262.94308422086357 934.6157591590868
994.9281785724663 929.4160313706491
487.81279694538813 90.74960327114955
992.5839192158512 856.8798547861164
405.3969741211527 195.59013255254564
572.5041916987433 884.7362929127825
844.1020395086382 6.068981105082583
585.1117273782457 9.030319163488842
761.585204779699 160.40110514359984
412.93076672197327 47.48560981376859
895.0165200072549 313.5715703072719
730.5980302603296 256.92164619472226
865.221945771836 866.3903618746787
123.18964793635534 361.3925483253323
854.3672669312851 180.47946189079212
714.2608548698136 465.9319404282606
423.1310920182362 531.9082348293235
291.9109069076613 206.76395103746825
510.85462548083626 697.7950602150232
289.3486161813654 146.06790902748756
170.94476814136473 993.0440141292775
375.84855107523373 857.8604167394687
133.8461840764158 778.487630805654
344.65197684904246 371.28484197129575
861.1871951153952 947.0579715029596
446.28030087366676 638.5751997636793
357.2431163635829 661.2098210333619
308.89332212304765 477.18813269195005
637.6500302679012 662.6714352920046
111.73819498147996 999.0722910899891
420.3410441822897 804.7001143008857
733.3997291297967 884.7723789623833
299.96547423086105 67.37075274836246
183.47568865158547 986.0404008886743
394.5919181267735 208.0277334564653
744.4660584576433 647.8541671749925
212.28332295451492 371.8819179728948
900.0780909953726 829.2189102534073
275.1729839134723 441.8358274234928
306.81412916363627 571.8551833211039
859.9583701403216 641.9717535020251
777.6221924397254 616.8519977119855
66.26904061018169 925.7396430288653
489.5543741756579 1.591463240532498
308.1542711513271 977.7319545068034
401.79139923757555 282.7271945311094
238.97446872585903 237.03571718556105
176.0561532721544 625.7254329009825
66.27016199748515 210.50235299752086
728.3528893529783 377.4547904696024
190.7209883451344 485.87818791489724
909.1330833609029 895.536558727298
112.09621150946558 277.58962904184506
708.402607412415 346.6441726330457
585.1376476586731 42.078892663345414
812.9494514803215 905.667430103662
79.60452695836229 684.9376103227771
304.78472480201833 288.63318380809466
701.2492181402888 148.68703202439616
783.0541969046315 834.5008034961097
864.2815986854159 717.9054988031106
216.09156886693737 414.4273652404139
170.9191018411802 207.5049704627998
385.9484309188341 291.82452717600313
149.9082942172314 310.3102924825607
874.6504759291873 682.504462429339
733.4431729213482 771.6963172301258
159.59304770003635 171.4402559714433
610.6941164218274 731.8895547497312
534.9036093331026 331.14130477236347
886.2008600542463 530.6425386940012
256.26244702514924 856.3721374197869
792.6715201141587 504.34091107379567
518.5871599818348 280.9185642924279
560.2693181300107 822.2043272263577
619.1506614711748 874.332041849917
928.2568005007777 206.09441808747974
933.116052530402 630.0602435107884
199.9076142915158 457.5440449282724
134.13634841236143 351.09716759014844
187.88378745652378 75.97411775099694
429.5805821493108 715.263837282699
874.8164563536346 893.66544498499
448.1124402915411 859.456705589124
122.61641943865764 575.9049290991031
816.7609187597415 460.6772959523653
304.08024707891747 38.826847367681935
395.2872785483775 511.3834915031311
301.6467365051323 322.8213467231158
597.5661644246414 987.6794126472367
920.697431944327 225.9843069516545
222.86300233010004 391.08700916222926
398.5841799778993 49.93385262090433
744.303818840329 708.1196205070681
355.6054991891447 139.42052608446943
57.497667190161025 676.6039491400995
230.44287977897972 507.5096819300504
279.18604804030764 373.67342778704227
970.1069201536543 729.7163253451696
303.9573789904537 47.58279809871724
503.2326754191614 463.3238715289262
476.4792147529251 803.9700056216066
315.60203852143155 402.2204319786551
917.3644935294353 226.91828265314473
268.06066342576327 212.93698615172917
752.7024024229011 266.1477764087089
649.5355764544521 14.174258185370437
740.4483831786279 753.8923743955485
341.64902463990956 259.955845882996
561.281875626098 728.4946591621124
886.4625948704967 465.6475107067347
347.2047986981014 336.4776425708317
195.17572300407693 76.43328459918163
858.0670226230437 460.82896135250786
613.1403895875475 919.4412666335728
84.37023065586379 380.45980260401734
65.34426885461431 103.56336008037381
954.114581219549 704.2772234078167
46.55254056426761 935.1144090320428
252.1174550839531 543.035030904939
291.58850504064515 402.8283210312148
822.147118363023 383.10532576836545
63.77130538861409 52.29002006141581
615.3784964328044 408.53879729282295
133.31915277643878 617.7533866556478
173.0920505527679 81.25905290861924
682.5645965954163 608.3977071345895
687.2012446107516 633.9622697540585
571.1179637899494 156.42562167281838
869.1074660654988 756.2703869682508
621.6540096364545 826.008184124209
475.5461454347497 161.91254368684238
845.785925101966 754.9333722006841
489.5011329319195 913.1857626571332
819.529776005419 454.9165227495324
634.9289852123408 348.67299621515167
739.1517131758609 831.8823442289824
115.94864819179529 211.17254862645675
40.72919029767363 504.130060870787
214.3160770222413 105.01999537398865
850.5465979032208 294.1444399308255
653.4173433313487 725.4599944211363
948.4846613786845 848.9173902767346
442.67821959086194 397.45210828616206
372.8522241333445 703.9959327234699
253.2017598693934 337.2709603597731
272.6477352753607 748.0745969567072
243.6096245734276 707.4883436063501
122.02729984853877 967.8009249641761
654.4774813593822 974.4004980939834
951.794949391528 556.5651838934107
420.41787766320414 296.6912966812294
824.0195069344892 956.396557433
510.779053817398 675.0977556555537
378.42245425764577 168.68954389395498
703.0915391194345 375.07174015199575
912.9690436272447 717.3360858517793
17.808639282233752 697.907341798457
126.1350165468299 976.940598759922
98.5512777741353 520.5308637241851
344.60977930996705 189.14607752432477
408.98124627629863 150.12634777270827
787.7359148841991 381.7018224912192
235.59109195429107 946.9962215433856
178.77452759853364 577.754133919721
135.11336813801123 857.5334668109001
803.1240946902458 136.94355701937099
645.9155039290205 468.90791127671304
934.910545049012 805.2431315134238
794.6606420264175 448.04617849639493
405.90453479170475 67.0743373538989
172.67946758276332 259.71100608573636
974.5114410511301 691.08848356561
130.91117330418177 871.9625202504038
67.61839320629703 940.10312718686
947.936749264193 752.0106071285352
414.37197131921147 776.034526910173
662.5408161025213 831.4435844702821
68.49895189004852 532.2688614642293
630.4034246543571 277.04585815154036
324.5717738848255 948.7662756634999
763.9362128586239 841.8928537743375
