564.9039256747815 662.2000205538881
760.6868420038453 839.8429703117555
368.93016102543373 145.54585198567204
851.5163870436016 260.84135216176753
504.79222576206985 241.20367925263574
923.8198706133421 329.59696185706156
427.02901054875633 81.68018718157133
639.7998204985275 386.27987436378766
59.68761313807569 404.01468213211945
90.76723021301625 54.26039894486401
498.7216197073189 628.828499571806
151.23572143848696 88.27430360072763
60.024896243599635 57.75304770650425
312.08907921735107 953.530934482529
289.8304217192759 773.9837071361344
344.4153580870109 131.15575068237916
656.7431995172133 97.30867536688714
638.7646597285984 427.5859721673341
778.4648704651833 992.8130680005185
89.00162839510439 629.0139964189632
201.3071080593861 661.5602086196136
945.5879676029828 686.700570370647
946.8797436849417 651.9038481788758
150.04407545751897 244.955264355173
267.8785770330834 221.68626233494504
280.50343352951444 730.8093688806885
313.68724269164284 354.42915250780027
387.68677296172496 412.8821382486885
696.5460018438555 786.7251758214691
681.2877699518845 806.6683920514943
270.32974099339924 639.3905220365448
238.67567694696058 554.4515616598146
786.5168041642472 761.5394125634551
650.984336104303 440.27334559021426
475.7185925268954 694.5935472319818
796.0715223353806 513.8673077790233
18.179549865937727 242.3412825266087
733.4960344307225 392.1904318937217
812.9460381582597 993.512332851035
53.57445073074696 683.1633262456304
932.9417676599236 784.9356533840088
880.7433216263062 133.4561000009886
661.9759117276348 16.199786546614583
130.86676832164866 540.6338707966463
49.75026681911954 930.836378721748
552.793295416519 689.701792325107
492.21964040066337 464.3991870799391
546.3800725387592 575.0669560600654
947.1995192866606 26.41238524754086
742.3663434551536 951.1600818796695
28.90384410029645 631.0138626442463
853.892766323509 818.4372932007917
890.1348076867317 120.2200055007876
365.12623350028264 796.2084633290648
497.13560409904466 834.0911131756087
209.36468294541677 459.71494725965977
629.6562782359152 973.6772522182018
707.1605112290588 626.1068861035977
697.5717129956628 75.4762311297983
684.4144453446895 262.4457988385262
255.42999657485421 470.23704553658143
871.0567793765513 158.5854642723413
917.5982518278687 334.29353691188066
392.8463052890745 758.7605521607883
229.21251059667102 958.2148135153487
411.981523393863 577.938533371019
931.9266500828943 155.41005246948149
746.6327196209229 442.467917674889
978.4950406436797 312.4274846110213
605.1677502147124 389.281213206343
596.5124178952783 443.0385131695701
407.7583285492656 433.8886888784239
679.1733466634172 749.7995086530752
36.21732301476288 574.6249225055855
789.7030116675015 619.6356916469923
752.3323904749803 339.08672151001895
106.15005579720437 684.0925598749147
455.62465343365335 898.4279969822315
704.5209255453279 560.2524282707893
913.3753457544341 276.1531399058241
680.7750604080053 154.91489382553547
88.92785021085182 460.27753631152444
745.9881198061627 962.4915132798923
718.685930590328 291.2000394381112
94.03076257021692 616.1669446603706
843.893501417547 842.3589817640379
537.398496990481 62.22985248712965
90.19526596376947 636.7198831729517
134.36803579847833 119.07899307587444
106.14137550021307 449.3694382323791
789.4440823492239 855.2608604374616
721.213769101593 634.9669436208493
599.0994937736149 174.99743923227084
64.6153300767719 888.531190245092
36.10170139359769 235.0136693815734
97.97764766908024 99.01683125510985
418.2558995899066 833.0760101179196
758.306765855054 487.3614629557695
491.18601228585214 706.505209709446
181.90072732455377 534.1606171340179
369.8124468428241 758.0277129934098
285.63654953603145 296.85488515202087
529.4753505813475 586.6814447312364
318.9382610672863 592.2896583568253
15.190783334326774 343.09434865657306
867.9021528534572 177.7347276240482
546.3165197319656 851.3039123076306
192.46874668668246 501.9273431169787
733.9431436364175 143.3893738147841
708.1957453478683 817.4292025741239
199.61496250943512 38.538102086162816
886.0999462587558 446.56405034710855
986.5249902812675 164.77066553541985
837.199876267881 775.4292922874931
288.1162902964317 869.399664383471
372.8057672972126 113.95174188487789
184.0621349378383 793.3993123369706
387.2667439670532 904.6839084582558
769.8856277557672 495.2147186996603
996.7996109092946 889.0140127676406
794.0188511020218 401.1404857027768
986.1875466282132 746.6891856668785
674.890995694688 532.2506974890022
764.5510477293709 413.02839756461583
560.6730763200942 911.9632541873631
212.0578158259815 747.9275986441816
915.5969735677554 293.6737175016558
511.3516728495904 481.7366167934959
969.30489509754 864.4947158945068
300.6454726285422 395.31362486206655
249.47461856617548 878.9889664747062
259.8365609363269 505.03958368193815
333.00488480078263 755.8855424650144
546.6672767813977 618.3019326584707
897.3345607398805 31.120224147074495
336.867582533666 0.9328627714374482
131.00807611961883 702.1426456294673
90.3803863224154 55.31443645720368
571.3886774055226 921.2846850016281
65.18468236769637 846.3393186676441
477.4602519589277 700.0853069552721
30.895137755159062 32.14237065350933
916.9473780453957 271.8196710956272
96.23161162085393 257.4948476002985
849.5225076908049 26.081204549593508
57.61517553394546 349.9798205835507
621.6580594126348 477.11700750206097
700.5621479348575 722.5436246230443
453.72043155724174 556.7185804899559
41.2112421532943 230.74483979692405
696.1916502890007 632.8217157782341
582.2330343411624 358.99913909590174
859.4442528375961 46.57033454358495
275.53510777250125 17.344316378915757
680.2828577646641 633.451103457965
33.59027437449835 418.7270713010517
778.5060856029752 648.2070702582307
311.8794514791017 476.5390230154115
778.0308780241038 748.5903610913716
496.8543812690691 913.106528703872
119.6604890119063 209.6146629187119
576.9902997818241 802.0650060965938
176.366548585983 337.8213483256326
848.9114792632996 581.0255978523289
696.9947029374158 134.17289116418218
216.23819951525257 665.6675622878191
50.59216108873454 614.5402558676066
975.7160560783843 672.3677974818913
221.09480223163325 838.3514840713195
853.3542017555714 913.7040100178767
10.900455462101167 618.8208918769249
452.7118548145915 269.64544097313416
451.8939272523639 92.27958160605876
208.13724371154663 756.9716905775364
993.77870910256 809.4794658949537
397.6770992113461 120.43606904610338
642.1089010129738 778.3449676996457
763.5386550128305 551.417160409424
852.2044195411346 935.4974027914013
812.4002052389202 203.2785792368016
650.171427832933 852.9794538312458
923.5307106358662 517.3831210408447
148.5386804860356 96.95821629616385
979.592374133431 499.68498207186497
351.5603254113915 546.7865116025645
353.16486003193415 995.0490556911712
904.0236677722513 155.65493734527868
731.4432272935545 694.9240901118266
227.44073933197373 88.16725651522816
442.22630882845937 83.72209665367613
308.79022334181906 905.524074654515
656.2258110954293 780.2335391656144
259.51672486594356 485.60151473573734
83.89093284540505 762.634174439811
646.2820655456044 663.0624462872806
559.35700538429 779.1160827682288
510.00361446849973 153.7397844860936
209.79094002755204 840.9017567189753
936.002740550193 187.8833439181098
745.3200287777519 70.37692430269882
15.626116251099553 418.4623246560143
772.8954462990079 334.3044441086156
48.49147806227272 93.56798857880366
936.854679658517 30.557632977487927
874.5485245716699 186.06211359741133
119.61232878667572 116.53869359479275
296.43447593603986 158.96865763209956
897.8221624536138 968.4236837119329
655.1434872144999 311.70732210117905
942.5173659568376 942.602884483995
755.8174714022073 200.1197323325855
76.15036904593997 574.161114986822
505.5052409150999 452.3399019559389
255.1171994749355 191.9699008087874
821.0262948475 412.9128892575423
833.2659210228376 355.9391733493404
592.6137522512374 439.1664779811667
80.05216458560727 929.2036462537512
747.8012117291507 346.6927818249786
76.41943120333505 786.4947292021352
750.056025832726 454.8978245593861
792.1453971631898 129.6757027772044
187.9517262015411 918.9292340158643
360.30992507033943 132.39510159772695
463.21075604085473 550.8929729988221
307.7042418780074 168.0381988178733
969.7376892924027 131.12249368350305
774.4149327034742 188.63520332789085
570.802681107581 289.36452132384295
561.4804962885246 917.1092994276786
627.8233181504993 396.09758991879454
182.432318498718 391.2255322705288
311.73268912550844 545.8011406705173
962.6955525575866 54.82776419941815
436.7100958620741 636.844051281679
630.2402773141533 30.427017141197112
596.0901763397989 756.7636338177803
771.5365767220555 426.9321881183861
951.5550764015959 567.0572901378385
988.781541976237 537.2891020507841
629.2537147636237 148.21072629604913
587.530480118058 563.0220641107042
310.280541862348 813.53805147198
148.27825313764544 66.14747289727407
267.9863134014667 729.5110424613301
391.20115978948166 693.6560961528929
800.8814098725225 790.6058067336771
330.1834991682008 845.7372511995445
737.4317548049747 88.29721600865793
830.4170381534182 866.1444174277182
447.83688223474684 486.68267735161305
333.2761484332884 21.578363874940052
587.917747353288 271.3185649611686
692.8345501135437 6.69105881225307
621.5320248895506 573.2040143413612
780.3047506732709 962.2890263272767
20.472740060994422 286.4486158847749
755.8442130143621 26.542688883840814
924.5960459121787 496.0118237617733
681.5872415970157 252.4837120708956
959.9621924597033 11.003631693260129
455.42530760691193 319.7997844653859
859.0633416228717 459.38749972123907
881.9722497547891 844.9119262370278
504.75081108025574 541.5283607385365
65.31557445086645 250.5470054042963
28.263339912539376 462.87970451159845
207.56858334143814 94.49382091196401
631.7968952588571 270.2054521235265
327.9020507811735 476.9582397025088
877.3459484714275 801.0842077482599
378.64904617239756 646.9090963131611
286.085013221504 223.04450906325434
728.2392958019709 210.03336836340446
226.3481229326426 686.5314719402414
5.134780503839975 404.39548652309776
233.30341194031124 445.00727738566815
852.6014647120542 754.6224172387208
99.70850417916566 905.8383567844296
231.06644240169516 41.41270009230891
304.672180550438 467.2251272622966
522.9741441485024 930.3936460523679
606.1358409918971 669.280377808289
844.4683998802733 792.8286283214695
912.8286080741188 141.4649750829736
648.892536012612 220.40162186386513
872.73773750543 63.940466972223
919.0123116692893 487.2835946764106
967.6759564061757 377.0000792362143
988.0319396176438 744.9117749942435
287.3160302449603 770.5908571203303
303.886254478274 48.389063265167124
571.1018285371968 565.0418492588956
256.95711167195503 408.13756663351376
552.7347009116816 954.4638665274064
528.2756299573042 936.4172429326122
119.47230081469229 725.888900951151
283.4362677725073 815.546281864808
307.26692026271684 490.0682128815156
936.8622054875502 253.13744610823397
692.8084388026699 663.9497278881299
141.7266550996079 809.3902106236476
314.82736022093206 930.2071619412045
122.74737843954064 482.4558699306074
859.5509408568458 665.795005857692
462.237229019878 720.1189397547986
478.99597467991185 879.3542088841064
974.2061148901938 89.51465133353653
275.81956622883496 526.3961912283331
356.9752664307577 681.3294069264595
184.73945319466944 681.543290490005
901.6775853812866 450.9068561668396
708.073337685699 938.7061094014464
652.1827093238633 605.9097301368877
721.7368683983361 582.9291442187223
61.3989859633165 838.6632614873324
358.0780040948406 531.7382614074397
369.5689149383109 671.0331431982411
793.2154009604351 779.1745068520872
642.0886192614893 430.6674346307902
619.0867306088794 92.30092477942509
647.5456879377125 409.6582073949353
364.2026703775675 7.8201040364844765
531.0844779386287 570.1553332788927
642.1405540545659 755.5421434646487
543.8710400139568 756.1917861634864
353.10175657779166 595.7938477237567
926.344815073675 746.9555352511607
341.3945935121062 199.4621373927954
411.1079323310928 643.9707369242991
920.4952543650068 122.21545361727493
710.7166085544416 23.126508500404096
717.3764717325705 128.54923391191554
786.3042003432695 2.2187398571476002
359.08461704797736 106.65269445528037
654.8783667503906 875.6470225911086
627.0831236442725 581.695546237304
986.2998493448226 250.13446361996927
838.670930114632 382.9855831946972
765.3636519506782 678.8161791945074
379.8221719243088 849.5486128827883
850.0681810567834 635.767301538201
510.0835277584674 69.03469447693733
344.07123984200706 299.01902131873214
787.7042023483399 36.455513792398975
319.49666393641843 17.337064528794134
721.9624962601424 292.10991098831727
575.6684479737264 524.5141317525658
549.6922306535108 552.1553865692357
800.0142533832355 934.6536631204636
354.30149938283284 80.63587015183494
709.2936930457533 302.8996200254468
98.11444775843192 68.37670205730917
492.4708286589042 68.29312758140172
522.6572007524346 82.01016679492513
150.96472801036464 8.913289964054382
286.5466915373112 725.4956771585909
137.675638959041 434.186348693301
156.93127879692713 16.85098211071523
33.09864117517769 215.22381183122386
547.9706500357725 624.411923370727
865.0005372130167 911.2765231044685
208.63143587585574 29.78984438011112
77.5499118361761 688.8686985780988
402.11440078764304 888.7975971689401
86.45435015735403 949.9018124607447
490.51789636314516 346.96622902513764
818.5727461891286 585.9955749191413
440.8812091638579 832.8764114878998
627.6348263605423 558.5592076975902
402.5411173113692 900.3799940335076
502.1140849058079 67.56288893819884
170.7729296424434 19.888603063724975
536.9641754687158 916.7061896484398
47.97751193449207 829.2580081475552
227.84327515535662 808.6563388684082
341.2142831080179 246.3982223424862
264.6145434924692 211.25608049514187
493.66888718546477 18.59116902318336
150.32507412868955 124.07733611749016
637.6843913226716 737.599012078722
152.52987698851595 544.423520753386
178.27246272091824 84.99810169673594
805.7415372620252 682.859620719024
868.5615660051822 88.77492095536965
426.9498280524665 10.576346298548756
722.427090572949 470.0717718183487
880.5700170109807 34.37034283067197
24.58780071565625 738.0718834270779
134.84281607810357 289.75000955222
644.7424757650149 551.3651326263337
988.6224453917106 418.65194252678305
839.8589704331306 5.736576842171104
715.6536970337579 355.48085658773874
737.5172630610946 931.172449903085
272.8530739864619 583.6609403406687
733.2474775958677 984.979047815558
149.77271662690495 144.6146054406795
106.09233559971432 313.2620290062903
898.3403289177634 582.0599782545596
259.1629695122705 819.6148518526236
875.1319804185487 286.7459276006833
125.74582390134425 627.716936061869
752.849291386948 770.2192757466026
446.55784356040596 153.64341193188514
913.3355733661291 240.94593245599316
820.0355973060629 314.0400111071291
921.3810200747727 482.08395235161396
655.0836195694819 787.9185157179357
896.7295097024582 437.43325550141066
414.49598219915106 922.6789978607642
751.1148758225448 100.56310567346627
827.3043668100431 829.0675006502584
937.8180256090261 271.84533401419577
69.59465044486923 445.12870630636723
573.1502213537135 499.0973421749859
265.87361516351825 865.8151136346622
532.4323434371225 49.766114901010575
46.85593809833899 32.76571239112036
397.4536639049133 76.0605826280114
314.5808261391756 957.8683934172499
938.0578611415706 229.1662196268852
812.0570519058434 14.572503575757567
147.41805706422952 854.6527426919431
572.173696846928 472.51891254495047
718.7266183868317 558.4119524903365
829.403222497794 373.9069247147445
250.43972025831306 370.9392967679494
517.8627525736523 54.11860033266158
397.88070241763853 957.4996316410343
50.58806061899901 94.47318480226218
650.9198463169545 322.6940350245152
677.4141657953394 261.5851037614227
410.6132737905627 240.17093620015183
352.6454956754496 35.65104647274031
562.0964736003612 201.7015209304005
708.7372498221584 659.0935261258521
796.69312092783 24.56615866172629
428.4994113812246 247.33884039333753
523.1132985915482 382.17483648437343
35.87285548139452 395.1101799803064
325.77931183108234 430.0710633857476
884.1173354329906 884.4671127016275
577.7317128896702 387.9458153817841
910.2888880673463 554.9250079374757
996.2318891693027 408.0139944921407
546.1743650509236 131.33891270434006
641.091766811998 311.0830607346996
28.389180413721625 821.8387027496507
98.9251249245393 803.8692990448101
234.13355865365648 795.9528956910644
370.929196049006 604.594731518828
84.14199147168245 232.16103866533865
287.4694223706733 498.62326925065605
500.6490872647902 484.46565786069465
109.65381869950586 721.8719233551747
885.7344780077864 59.17619962230736
346.2481356997087 226.95909424582504
94.19850257844121 515.9494707639476
713.6963273715807 325.5289348956646
915.1591331334942 111.23196644702071
597.6756260388287 919.9166750168151
147.85008000523715 987.6016906986988
336.5291338535432 38.29704263279554
459.6387106438435 979.108362357031
140.08274221630612 669.6840836013442
348.0717947919093 650.5620328132101
481.7680302703542 958.6274123008844
693.7958002403127 17.822685991517815
357.635918359647 664.1763040497627
587.4880161957637 506.49399280457396
892.760495593074 413.65992615116465
341.4732075370255 98.02647911247142
393.69641196017903 689.0580735448216
855.4902319380199 285.0868071331266
95.06707614066123 672.2139789513873
796.1115050909958 412.1513209488109
529.0254349032084 44.866692128577526
370.6078953678789 212.63386956170217
658.2421979329106 590.4574780998048
828.5899009049841 870.4591527881249
656.2420512752467 976.8912245534721
208.54595343047154 731.8443302166091
493.32044465307257 412.9101975617363
261.4368875012121 872.1538981284572
291.9395422933662 965.4642681801736
929.7951404199662 83.043474604237
752.4146218260457 201.43808609704038
238.31655724418488 486.7101788523712
817.8667619908964 474.322583779346
960.7209474104733 906.9189589574585
146.83202095029324 614.8942995070865
967.6972779788671 330.5755723607505
892.5807278969049 4.692860017483147
732.0383432732506 278.968342883546
750.1149583202155 12.063639325936792
69.60851780491517 674.4028136255977
224.97660526522623 552.7587520217802
828.5775685769736 835.8046604116395
602.4116819021637 100.56644335581078
904.3924608991466 565.9677985034216
151.1014408491892 818.1655765628867
654.2479665208693 903.4762974259314
682.5844437071453 604.3780218756787
512.3564490761073 3.930142445764506
705.657797327228 761.2188564045816
366.10561178173293 787.9569256553848
64.4603318345065 672.6203480247282
43.23255572279439 447.59199448626316
129.60354751797797 356.43289519353607
81.43136614849655 637.962573319438
323.63157767325424 2.281731111101082
804.3505130619071 197.81185319021887
5.254135952234562 640.0858064062008
611.7253676945327 540.251098312771
511.2114465253658 897.5210546877752
306.43035153374854 434.2292856117448
460.2936637979246 399.43703616495816
227.52418748058622 757.561240886135
260.9517640360747 738.2127924337259
935.9007412831533 943.9570500753049
132.10059061540613 101.26376618766797
207.94714482625974 269.3468420812868
846.1287901925098 580.3888695921827
132.64974471884983 826.8966355854237
833.7950273374364 907.3724974530685
178.87779907610647 25.46277157767829
252.60311329606512 861.233903379079
202.11360505318544 712.8335920215105
113.41319788428639 874.7418357677151
493.68689283141833 572.9588590140993
584.4603427251025 431.28973365131964
140.61049585645847 275.4690588023474
147.6155595206039 687.9529511802698
160.40318925685938 966.1379030563464
368.6384889602038 386.5258890066733
102.82489378668957 78.54338188944676
661.3352098963651 521.5639931991444
69.2381282557425 120.03401502121336
574.9485042147674 422.9317878462038
390.34922385759353 39.20833857253969
814.7720203466548 880.0843600646065
524.3709601899365 17.46784071445284
417.8939391983938 686.2873419227905
90.18880448403411 43.80421008368318
249.13954807571025 513.2054691097989
333.9001254760101 429.8344330052673
256.69650973081883 339.7679779734889
742.1365703043688 501.1977371955124
732.5705467795739 753.944217034425
961.8676504923089 61.78056466413639
159.93316365539124 322.04043948547735
663.9233839521277 868.8375490274154
97.58736092299536 877.355009715751
496.2623206779906 279.92711242551036
951.19128530766 18.505361841598457
813.0508245583692 436.68298845644273
411.5435373149854 327.46725818583025
436.9082745988437 835.7934880666891
802.1483953978685 818.3432883690467
314.212048090316 904.1628125980247
571.4429466492409 910.1037808153501
557.1449959277546 243.07962080454638
689.4821863508012 780.0201279877897
31.207510450067755 535.3198333143392
764.5425176858511 299.2372542021634
343.20510124548656 719.4623550427128
282.0175266332562 877.9081631887324
812.2614390116388 927.2978644566913
486.14491399340045 454.5401900578089
765.1961613799565 853.062132849323
74.51638587130249 552.6792721398816
287.64546354050367 677.3273611747168
55.98747199472065 797.7851112035037
383.5927530239991 403.73632600904085
834.5173217381747 538.1262277813643
348.51565725235065 483.3655592052246
824.6335290697283 245.75118627987712
45.14486659109107 899.3556160206937
678.6302196446424 187.06840243142574
685.869078580259 463.5479539589047
511.2724232056982 447.2932288721264
672.1094258425744 937.219362201132
344.69312737838464 768.9984336682601
18.526444386610883 729.6067857566891
364.3344345094419 822.2297602391171
898.7104417488209 350.76643822303265
476.19695768059154 462.1256361174154
889.0466750116668 499.4132890776027
86.3270469292865 249.7060636998545
558.7345784696176 651.7378572268748
985.3846252348427 12.472722360202916
156.4799791480157 283.7996031378913
714.2984652251985 503.6885945897179
278.1682872155683 407.94704743661435
811.4306816291266 282.6820422759521
564.8654200985079 932.8167067824922
897.3348921948163 783.2470091160133
676.7825482683097 466.8145380035427
640.107888106182 163.18738994347436
16.37957925281608 576.5847443952115
262.497836469866 935.2800642665261
932.5717419997893 184.8229542607579
401.34660339850916 568.40805680116
428.0421316803613 745.8917407302247
810.6074567018195 217.34149563843874
712.9527264213035 73.04858292383554
611.0937915416815 490.62074060681203
300.88494222417205 207.69724273461875
533.2785030239157 698.2224457162584
726.6303366287391 518.926024818315
873.8774003024367 334.16630927160753
380.49066835676393 300.69692351749535
692.6147945531803 643.9462886957997
400.03582325897537 494.4019348992674
112.48256493788777 2.6469918563901684
37.80739622622165 806.1044108638695
454.968831072463 486.8324318334479
432.2441100477585 410.63404676859903
341.1460063205226 461.7707052320388
249.14527380183128 638.8068448354638
820.172321193939 225.28514058342452
232.2764248569098 529.3920551500576
48.67457895643612 750.4984984740473
304.26158559105653 894.0499872723742
37.64448591441305 351.9637812377656
492.6943854268577 591.3163076584365
507.8945241959738 663.1515925250661
621.440448904043 34.80954419990378
950.783733599359 657.9905953869577
403.39178874854895 571.1906632561113
577.8374661206195 575.1340642507629
298.4733153671256 255.00463571324562
961.0495429542897 510.8523626630428
259.4905801914994 720.3857593060418
815.0694446349862 134.92743635591452
278.44682273997137 303.7099625856039
553.1403660872273 453.65210333603744
467.2468564012703 306.62894775682724
960.5694181285121 795.0136469691871
259.2436815489325 305.52256691953284
572.673963537779 223.36728898418667
201.8735047629998 711.2571796218542
118.56310555262883 404.38242939551185
725.6634768673696 362.2398329446269
697.7766464782554 535.7703924339323
221.1855942145966 794.1089567270889
193.7188461471625 335.2793299753555
733.0693007235164 971.0045582261205
795.9871301571835 234.66850596043886
588.974695523131 686.2117565494267
403.11136901347663 866.8507447270842
321.46637276033164 544.0737190357858
107.88191337490693 653.1179707032632
312.0185363806728 420.42113107653654
929.3600837128919 798.342314470425
688.9191830260959 565.3670358211688
448.8278061052361 284.2703961107235
144.63210237788925 60.16771414675792
31.347642526861286 514.5065897206466
503.2131282556838 168.9513739286894
870.2683933929738 109.50612412626437
64.66658176106866 236.46828604592562
178.92561652543392 975.8765211183031
980.667287279982 174.61764431018523
471.9502588069532 181.5118075030152
174.86210856868956 253.35743529348355
28.01298392641993 356.5609176521585
611.0039716472525 865.7061723132005
306.4954799069319 309.9578514860346
33.46103732933203 171.89567582211996
302.4942356388903 302.21812296633186
657.1819131607508 44.336804403831806
567.7266138847516 947.4322913908909
667.9875176525335 532.9106563408327
899.3226698135511 30.864133965669673
809.0989851867197 149.20010090203928
504.15027605617325 623.2873098034871
776.099915629869 628.6274020420433
783.2358069534965 749.1714790656066
620.0708202481671 471.06577281952553
749.0056411225061 523.0545114443636
867.4221707528283 483.3439795735097
487.4887730793631 106.9150728499425
604.991600738161 751.1647183306733
8.284305154568239 61.08539039038696
350.26047880257295 953.3089948222332
287.0119641042006 662.221312328736
129.0830648930803 697.6007499114186
298.1274284361636 544.0730406418321
817.1114713745352 605.956636428275
360.3992486940127 580.2764452952212
466.1383550368484 204.94844963293556
173.00663437251606 273.1115372771844
32.86806642610385 288.6563525785135
507.1332090337981 38.1510794709804
655.1666384778754 312.193310700237
636.0947410630381 681.9492403493466
379.6294212806778 547.1324493151619
236.4530732780199 58.396199836607266
34.3448225959303 184.17026744643883
673.2329721072289 359.09190487319285
762.0211103222716 303.7108096677873
294.27232339306954 744.0677192992812
581.1827638872519 651.657181654724
601.9002240541788 51.41255686331259
226.93174274711447 455.54814850352096
944.5516694235558 137.83539948106915
437.8079274266647 95.27936506701506
676.591372340601 996.9236238911126
801.5724331790698 303.00059262226864
571.5338448987663 177.8324589742175
250.27615728533272 708.3811173555232
642.0102005784513 184.368004448639
303.76525855893146 968.2877684014102
419.2466520186071 472.90223483847285
200.81434299956337 424.0212907387546
175.4838679818268 387.28542140505897
128.3668533441026 214.6083446011915
534.6800035302132 869.8979837186941
861.9016500798743 41.248093108344094
410.00447744246617 70.20981252058401
263.7336564083234 325.86357771374776
231.04382951879143 35.692285215345954
251.09527101908913 335.81031221164926
979.304577087154 514.6545428880333
42.13487972156671 957.1450682372802
637.5126481779503 526.5519327204571
715.5071040183548 190.4607017476966
276.37247820131836 762.541423234818
378.01936202248135 116.14289527871536
151.86327390230946 67.5350947265988
524.8374723520371 30.007855104645653
866.8138721748362 224.72974526083544
498.04286185123846 685.6302708111458
862.4117523402837 14.566460458116936
301.8724182502613 96.27295579687333
248.46572621188125 52.30172772699127
416.7617072860032 147.18140998060036
255.65594359577227 221.8469516664926
669.3504234497286 348.1074546583638
398.6690075160586 618.2606515250616
661.8992449921774 416.2782446983836
776.0298804695516 787.2541838256448
742.105038137513 21.6281448068909
800.6063572536879 707.297578254712
3.0913561049222826 948.9627439687581
54.17624097271312 398.38983388595483
343.38982923201735 135.82570678742124
890.1108095210647 261.28344462844876
188.0171164756611 530.1908034643355
870.1430545523655 251.93031388966503
74.29142192063098 478.7030235458718
114.35214600514033 778.1423899774168
939.8210401664196 404.0441176216615
167.9110483171693 768.9368405512039
615.1374104767207 859.0996431154539
43.80673569428784 711.7626099899171
719.7330358767723 655.9561085280703
687.6578048569851 578.7811734452212
887.8049793307217 659.3583086871259
228.91754718614487 470.60124215607067
8.792373626219984 7.108406828680969
32.164936778528606 494.3435812924632
957.8367794499612 973.9902990248386
742.850100992812 862.6390768616039
112.58200744360325 431.15381736357807
233.7745762111836 451.13869058808143
805.2701617723045 869.4952977314163
601.7511313467854 84.34199448495228
742.8791267032839 253.42236162159793
138.3015706693813 633.0260815363089
343.08584336167434 550.492467270534
503.9156429515157 601.2845573622081
880.1288555544035 642.7663818748271
172.30724394144147 257.16142709712966
312.1828307368557 467.31882623024546
579.2692290375188 518.0928283374627
670.6465633010221 656.2010979145583
310.1414635685721 740.8447197339109
931.7851172480906 650.2508830272006
90.57126911270608 285.36210553339123
362.45575733350597 246.49680241848603
307.1589108368251 222.92165733910173
434.18689699648627 805.5065111561016
277.7458057126342 841.2059670567944
533.667207733484 892.8789294076944
515.5158999649356 662.3945466624579
862.7425348770627 958.1824007853454
786.7460240131462 535.0930528814249
117.30604418474466 764.9924127912188
848.9540670939334 986.8988478729567
762.0071188190467 677.2841239574667
374.358619521042 431.62756784088106
976.4926903792287 580.286278884091
712.9771491015857 13.701830337572108
638.9344671035913 168.00461758190553
830.3544768941523 841.9300000291191
33.88420518713575 564.9750463588391
966.8269120772392 115.87927698356049
324.0382603703332 766.4073540689128
308.3916247314865 180.27403109078756
209.28196283552603 178.73295947274192
233.6649188666957 856.326833987294
611.4229402249706 621.6707264984361
507.07710545166606 493.63624445764333
669.3122339138549 513.2773672604869
125.36586024656616 62.26195060687589
806.590424038882 601.0496276001556
392.59356863812144 261.81445155105956
143.08568140720757 524.9976694153021
198.32908698367046 62.8728494393801
60.92904688497258 702.7105333716748
404.2971748152019 315.7713239632739
307.7421622123176 511.7855976558281
706.7144324173773 62.77074759143242
621.7906982443808 511.59642078832366
334.6929533097993 971.859263396094
497.78694519468536 494.22381209534626
469.5085977420035 873.9014635701712
377.0628102973905 483.47774847519355
325.1937019737383 729.5828918959044
242.1248480005882 411.28827593682405
417.82834608935934 478.5728464501415
323.14099406983 92.3456286291846
669.0690716104332 130.55535493401493
382.69817271429974 290.7213656586505
638.8667403356548 146.2541099690965
835.2090473035258 126.30363512852239
362.9906621107424 626.30479751945
778.6350841353428 804.231425883685
982.8888122938857 76.80341125071344
868.7321526738377 667.1142941611369
598.5795272723623 552.5871239368327
849.8142884143498 867.6752865122357
549.6825629397898 792.7798536647457
471.06971455135715 538.5567395622658
635.3626231128461 557.8614236482085
463.75276758106554 196.37998030281256
620.8721060155813 753.4963652813242
232.1142862301482 258.7514972362872
746.5438143396291 83.5841068962333
919.7221520315826 975.7598730074684
854.4985491857523 913.4693865607736
552.862328014458 781.6090075130135
178.99647297604483 743.9783188120844
34.000598267055146 57.385362289185004
808.2754325397318 197.92178148275298
860.8234939554314 562.5576337466146
318.88318694916484 702.9345638068148
580.1661786340743 340.6596182984395
107.92462408949122 117.9953602415007
151.17465701633958 733.7080565800476
504.3093965716118 395.69899729079935
588.3378084433426 250.25935077305394
826.9990226703123 998.3290477313848
482.564573245728 423.6097053256091
176.4168418016252 193.00553256682528
257.27039521966645 469.4961425936888
894.5983627735773 539.6589294873446
306.4758492224132 506.7558204106862
310.3231837281147 855.308078380451
483.21015350351746 339.75426760385716
597.3843599610876 689.0966935921662
759.050240011606 317.9932230224154
317.3142717608469 874.769032621441
259.4164346810539 586.1615102750804
492.3013647299023 40.74245434601465
294.28354701531214 116.99324433929337
859.6947568708266 52.66059352905938
450.2563058354958 279.64925520334805
296.40889013707084 239.28823034100665
287.49644843010014 337.93988303287057
269.70397684643746 909.8345445084544
693.7781302391998 195.55770091583003
570.2320841957055 109.26859172747128
487.98740503551153 909.5914273607306
513.902851163303 777.9175880009758
436.670405831067 978.9430247675512
261.036758220926 482.6143097304246
449.77401127910855 180.87200541466032
894.4382718491792 668.8876535476608
355.5120770457263 776.7423161540693
422.4346919598344 947.165634961616
319.3288524250496 237.14896456908818
928.5911675260943 270.68800961956964
668.220732801321 246.95265033445278
676.7259831462461 988.8011642455407
609.216423996698 642.3528193651745
98.01451094421142 666.5351333454283
89.60460053853569 104.98064908182081
236.38430387536457 249.83888525187638
836.5370327191275 892.095423006473
409.0675440471746 625.5767430271663
434.92492048104515 617.3186992900664
551.0916302734516 876.3652021905431
155.08407872983466 112.94319855909573
955.6524089270282 562.5561040360004
125.37488568150312 702.703929884865
896.7284345175487 177.1485989170696
360.1210927489394 793.0012116921704
925.9594959613759 514.1390055290692
99.38115832854943 550.9166322576502
472.72558530533803 66.79398857362773
894.6845032940895 578.9646304788789
744.527704941446 729.5595111286913
883.6344980562385 919.3737700852433
824.1846983388365 15.79395162799868
736.3186342912195 424.79365956766924
291.0259528354736 723.2409033559921
827.7557287982066 517.6744351171719
655.1722515994383 480.1333659212506
293.14904972741294 627.1683377817398
387.1621016443227 887.0478579057482
756.5029764309528 140.25300655207252
349.5948104750283 33.10331021142554
688.2004700255358 532.8792641046438
993.1254090257621 9.826319708255982
543.426888036288 457.29652040792524
766.0606402637766 671.9808714838856
60.86569716185297 953.3107826711465
804.9693382459905 301.8871690191401
359.87974267558775 624.0825802022215
123.13471583921142 22.230774768518202
764.4315571394629 571.1723862473762
194.34001802153944 772.0899632183939
603.284829229774 118.8937416521052
41.392771079629355 411.885368876903
588.568244684696 874.6353084036584
681.957628394405 55.183162934529406
758.57233647379 469.6648889751057
58.68110727379694 38.7589687560288
385.6883395496297 404.02984779723636
386.25615966572815 37.056733294360654
696.6880191807833 779.51988567779
184.98816818445252 703.1530059152738
730.0816185175513 346.26010419562425
138.58829153965536 875.5638343881031
164.08080346837562 211.3533096077942
313.33410179266065 828.7080844807856
488.73211875903166 762.0922433525021
206.40130888927365 264.56735018927805
467.0757516444268 841.6142778628828
553.084755988784 744.0593272787509
432.7234648767317 981.4724413756766
815.7906299328996 38.86808177781597
605.0384082036393 543.447836056366
802.0961866720954 447.9511467545928
268.1388780337055 952.0310503821094
914.8369153866809 467.67015294017256
356.23696958415286 809.3506418610427
124.09592435911753 330.46772827203785
715.362065767833 575.9289647161859
869.1331183149512 834.2406849628474
70.30848559999193 673.4971549384803
747.7074279399976 573.0355468636055
515.6852097214726 320.2023793489367
30.907793421587005 149.41919183557295
171.23522968470982 143.89222126018663
753.5238152208187 199.85404851427145
494.13039144999703 635.7625530337341
373.1507498323233 96.63359621837108
624.7376619289277 804.5068823256803
765.6370232196689 3.410839401596588
57.39057668075387 970.2065666705025
630.1475076723094 556.07863776371
873.9900698930518 497.5531259206576
214.02897214210725 816.7375514269776
755.7965354390199 409.59517536390234
635.8286350382799 305.7133133776382
997.5652888261243 246.05410344645895
984.230774245144 855.0627647142143
788.2158258630677 234.35445243268205
801.3402543062695 746.733292374482
93.51457882150716 826.8660594552546
520.6561070299515 99.51802875017823
578.7902265754983 924.4570630853391
923.2420402434064 751.174685338662
143.48909779326146 654.3080737390593
700.0153060624895 945.5535044048103
804.4178273893413 399.0395903478018
763.7388424025197 979.3055045289885
860.8091297603081 884.5560925749948
41.21621490587124 588.7192312523275
501.88581303878857 525.6121905425264
94.35238092796483 264.46082956053874
276.38714224377867 900.9572377161983
68.1581015944972 870.4683114628698
133.56060419848404 184.0167848378864
144.4389619868901 912.9782024639925
66.41142086051488 590.4208473790578
891.8248952006174 556.6385138753662
740.5412489201972 420.2899524085377
645.9597141084115 16.889347813918597
875.6959153338667 71.04245388300656
328.0840146704479 271.26816483775616
562.1824530793249 475.5869924959586
915.9096269210436 127.02433224394971
140.60291834487882 781.1168318185927
117.59694662295483 558.4028070736052
750.8935229396612 725.3231197441715
667.8112900738283 884.1848476362097
165.4448596455278 89.69656726921693
64.24797094829981 794.548902943184
61.119481769004615 813.6883122539101
493.6800981192466 456.04233742215973
456.27120355774673 838.8521404012225
158.49716854732154 924.4306535761149
641.4103281402416 518.6919480935921
207.86657327419567 877.4176428316423
565.9469781490629 477.79009860760016
2.063938685689992 242.70644121165407
308.4853013475046 132.89335482958887
494.18275810163095 641.5981194952926
954.4289167580012 698.9852454647665
100.34745087675367 694.3007501568785
932.1977564935906 394.97475799144274
547.7182182704477 140.34870007141907
618.1457625118223 736.4832811266489
838.9900725022007 416.00833446916454
810.307134698632 257.3127455839399
652.7524509740081 800.2730097647126
492.38870905916923 736.5301695928216
210.99013002932998 492.02645052032346
161.96457720993962 24.704488692530944
888.169604243338 13.180839044535041
880.6184015003168 860.6842735941551
610.7702312985656 146.07158727265667
118.81785674972333 649.405006657362
401.7819972615947 208.11822199117813
414.59464210095643 31.56783800652874
261.6074992894317 842.7368775027436
842.6424952555794 217.6317243129864
944.9684586745393 662.7163277202935
299.2351726181425 481.41369117271284
92.83171387062438 20.746630253804632
648.4046593940602 912.6925576149583
609.0339357507113 901.5154356656287
846.1096405714321 513.5637375923924
133.19779389877993 430.7638771798111
261.66281476092524 989.8938273044415
954.6966223540386 778.9204182371061
549.475128738426 137.07537213075815
736.8390706569958 300.4076189313428
589.2136928954874 548.3840953710018
976.1085444925185 594.4435620501243
208.75937755947848 484.59183041209076
208.2070324890627 799.1355673888177
631.8892912523306 135.09044003155645
590.8163505946021 837.891471618086
851.39804247789 173.63334315624624
642.404461007042 525.6490475413517
418.41104885368105 465.9030926222938
597.0681186170503 412.15190905577236
459.9322425602136 21.464550330921316
47.317586574080806 990.475951674423
89.20722486171317 799.265093682567
289.87265146440853 431.2371125198913
757.2725412573128 773.6950950316714
63.95404187906939 316.3883575105334
509.10009218064835 747.3226755607395
177.21751240812478 941.2395437919689
554.0356827060335 756.7692627444935
851.3925765811608 629.3107700212647
37.76883176689749 559.7932448878217
487.85187710468824 161.85668968629852
411.8605001036037 614.5010718128842
952.7507083437265 862.375173871832
336.8947919111702 165.70662009481507
412.0408189792598 96.14080063288787
626.608775662241 538.8109415345082
208.57683202931443 945.7797279344596
342.8948417086074 508.1763451655352
266.6966947922393 606.1300197547682
785.3578635568554 654.8204405669313
34.07292512228033 605.1064469160754
784.1496096407317 957.3567422514128
26.29453772788559 302.0171955715395
401.0909671320351 470.4609514949152
626.553901764081 240.75494740580615
871.6324035404973 836.7424423836591
910.9771620753365 842.5123771630947
378.99139749346466 550.7530597125289
919.5501632498322 611.1480280708669
41.845401698557325 347.96639218541736
973.2566707743063 494.05554569572286
318.2471592353776 826.9122417022529
349.9593899205394 292.36548330349234
880.9691423500291 429.25268093851963
874.7181667533566 46.5356631009185
903.2719594611966 200.43777262304374
754.6540850467037 136.86244903872247
609.1316703318771 332.6803274684986
294.13236678360056 433.17224163180776
888.249023101866 352.3406592575279
962.9505803615809 203.92837457189006
753.7035544147086 955.4143935542173
658.3830305344412 652.2159099682931
428.9038777442535 917.6668998321084
901.3464683252133 884.543001052006
890.525052142715 210.0606899856361
137.61564278388593 838.1238890231821
765.4124835235475 435.47264416995256
276.9321782280949 193.28567144788911
581.9716133338128 969.3001961069201
96.01346263571442 579.8669946814337
510.35068502751056 734.4069521936138
155.88307261971877 449.95392798014433
890.7640512277804 369.9594813201482
439.60738514661966 834.0241327788518
45.59160663567452 664.059044612225
3.4384740748670817 823.5479676849927
98.42959478618762 511.6734952559857
552.5256323580552 30.320642782038277
782.0569458895984 332.22569165594984
1.773782716051664 461.2770238617677
507.32005427436513 835.2969182290361
763.0896818830025 217.2667758509017
286.2285553492734 258.2553431199882
712.1716847230339 175.24399820092174
455.09329127747003 716.2201481115892
531.1626065045851 345.5525519868241
527.32654320328 102.62530868249354
397.8992157448612 909.4644634984204
920.5645158535373 57.74645051960636
798.1562105850027 36.85512548559045
749.0600074162986 882.9078541512189
574.1964335761883 459.8765331167234
349.83322199596336 919.6863707964062
191.1029653783558 435.71500025572993
719.8569987600284 836.2819919898296
601.7832628476433 169.99763514184286
581.5924852739867 467.32565901640635
22.199181199900273 992.1375147940174
365.4795518396333 338.7465859095373
390.290660972781 574.884545835645
0.526381669548881 775.9229778577367
275.2257091179453 272.57543918988483
37.93023790073868 541.1916894380249
528.0222136159656 216.0527277834684
297.7023036331653 275.89368181898834
20.252185437839245 146.94930511616488
924.5566224214814 632.4838947135108
404.45268890333455 100.01166261235139
466.8639994324115 873.835810969038
948.0314022169002 949.3615421459193
351.2594628764466 889.7220526223771
141.8697256964131 523.0719778107817
915.5316722314029 34.554699463922425
965.4896159140616 460.16079548360943
983.7114543600894 925.8197589263968
402.56456675234085 235.08078185377835
819.8157174835121 359.24237927260947
43.71957857876296 807.012416493978
180.49229140124712 794.5706918265083
387.97857088382483 164.7416106612477
101.84980177635072 444.96784406950707
759.8820366276327 632.6317171837376
2.0464736767317193 863.3530987516182
596.2115714049719 179.17496000916944
658.7499585688086 60.634867825622216
224.42234005246152 126.83600237117321
629.3702572549593 613.6297189850608
154.29812207212157 600.3758739767779
722.0059031480763 924.5631524835684
335.00807847136537 770.5717397307598
196.33372459218657 779.3994026642927
791.658182093569 451.2246460056826
476.21047483664415 618.8493129838149
548.5943049102527 889.5729485031242
289.54444196754093 483.75651160076995
771.1283633736862 653.70719951164
316.0339824719065 425.66395831511926
613.0223605840405 365.3073831242926
619.6588042392814 283.71460832475304
343.9799860915277 652.0009885580845
370.3492345284971 120.64098197576179
949.5587051025425 100.86640630003608
618.0474238497669 283.45061565952824
545.330147735814 183.08291847690361
172.4137840368246 8.515462079556556
627.7798324256981 89.45504582286878
962.7208055226065 726.1252901281212
396.35216345508906 167.51558143098256
605.015564548703 736.1661727345482
124.20980365293832 183.1383457243494
287.42141771030003 724.4371079184048
829.6915753943639 943.067867219749
499.4880673239385 668.2194571056563
306.1162311021934 909.5003794003709
577.7886630061705 40.06489261961399
904.4939622171719 313.8263411797887
517.5014818579259 860.3700093037609
331.87150553366297 933.8720278515069
8.502702116703675 72.15608229049508
127.45078373725327 137.45354633931262
194.53598717701914 915.5755017770072
409.28489980817653 14.783913027842432
225.31368576215715 465.01652386564575
946.2695887163385 423.2496440302866
273.9433105479254 258.2807618090136
603.3123184835212 550.300701179067
325.86232674981596 995.1583273818254
731.9748133016699 163.67334895132944
710.5030017982062 611.8281581282773
134.54975132166115 62.89287562661228
43.19838893949635 647.8616903825334
816.4452820928952 371.9787740508653
972.379562245879 714.2102067072722
859.9164328004225 220.5025589370645
885.9030178950966 43.40738144482648
401.59490008228835 48.624089069572385
520.3867050718492 557.3206320724336
876.9345628146939 241.45925294563364
238.72149739237526 623.1355622186752
406.602595303872 49.108526155227985
593.4649978918709 684.8603625901029
443.01110637297404 780.9020244548444
677.6123491261745 255.4878082861848
569.5978439732031 75.89379285118369
679.2791122077089 334.05447998279345
651.1285498260629 646.3642360252327
3.119262929724198 172.18817959433318
370.2080242179091 267.06620980473394
298.84104225290287 456.33640037516943
553.350392204046 940.1771485175325
745.9721399276909 394.7196568761681
589.3737737185454 104.39577505764208
984.0652124390042 902.1557616095173
673.5480182303685 476.3486661664936
148.82304303161175 61.2522791018556
572.8387985255379 613.4486436284424
577.1623649089119 305.0658694470102
100.75490295250677 569.5733496801388
878.0241642138265 314.17920151697285
514.7200923049433 78.40884426917138
230.7776025107875 450.247333856734
604.5545039853871 544.0300351998242
969.3530441749998 658.4169720565362
327.5650505316929 744.2657891613699
737.7797543706647 162.62403858141894
463.90808187970345 559.6234006817502
761.5921165884463 950.6260296253188
915.301654949893 229.0238827217521
69.60753623477677 999.7274120801751
950.8288865676709 603.3254971603209
821.8684011322157 429.50804240791365
915.487996752006 618.5901817853521
252.0792629777865 284.4657316330399
660.3085108141117 743.2736684103876
116.65966498351132 447.3361418531642
227.26727654358646 466.9966294033805
957.5721293403244 262.95434675124994
127.90210939573088 993.2811968437351
932.3734506811066 812.8742011098358
891.4346762052646 174.61300078812013
442.47743631241053 422.5631587972761
426.37857550912037 385.4165254621461
299.40499945768664 905.8416233400866
139.02236737852002 467.0067334648017
708.8378760837131 255.33775704859252
682.8417696333245 98.30790779246112
923.5803859913943 973.0797961381908
674.808671707331 947.1061601424003
19.07314121850845 1.950153228446383
707.7293617340783 738.8291344602911
878.8914077685705 266.57631240262225
512.157957937205 943.3229810871685
142.70035095591004 161.33577550792387
177.09521067220058 124.82294245864445
565.4278819052937 933.5035981766933
925.5972090472911 126.29069567651918
963.9551952147776 801.1725671450278
59.58180445035022 166.51835926515125
686.414257698155 818.427742332048
337.5358221653369 616.8748373676578
329.2202370498117 954.3586943028699
229.48881182049576 694.2980290706024
248.25627970826648 587.8440568514989
205.53452228712678 558.1115007905784
263.166669019017 636.6450285876624
457.3440975229567 330.47200424048526
837.5041849658397 837.1955425651176
226.53003450655075 373.7302957724632
932.5155544271059 270.57869278177003
219.3834528450389 752.7139375135234
678.6388023986844 90.53054322690501
424.4214181296835 185.91813504671816
986.3251096753478 550.913812960768
17.34525220909322 946.8163592245801
226.58644947609906 852.9557851376956
937.4245956203116 114.97983399148848
151.71005123185222 36.64595173428231
149.9863098297606 296.4208781983837
297.8692102383367 126.0410628498807
571.6011064101607 433.5520856130789
213.89924307782815 4.826105029234418
127.72509499616957 607.3798043369205
994.2966610664762 46.331865017151145
436.9674322567462 798.0267667673845
759.5381226292257 351.3109830244297
171.81885569033173 414.405396625402
923.1054569995246 557.1261189684576
232.59121475473833 29.840086680688273
312.14182061433036 573.605330995239
489.4803695132435 167.6628396988805
467.4527182937125 273.67140022345484
997.0805254192566 169.28367532396481
738.6055944677552 120.9531075348621
266.34119200490755 146.96350287170935
111.16984609764546 951.9387780780461
390.8722928801418 774.4938321294034
55.67861738126556 646.8329853382777
567.667098978041 201.2143240015979
71.68287830162623 221.12954661974672
826.7265169922011 688.2753231759318
15.307168877177313 949.015386896141
589.7324513906503 660.7799838491702
745.0053364319771 490.0711538625148
14.832173234797574 745.4158802772295
97.75400665224576 632.3364234271869
952.7592613336276 20.413869766967906
716.7103526515114 187.65849640437972
738.9312360401016 143.1476038344972
791.3996898862978 779.3456290214323
976.8276802079679 240.41402499222698
342.787945780597 747.496959352745
929.8669553913787 447.4117581635969
288.1323580920472 163.98320850002457
132.16368021718182 763.6606560720788
154.29379581570558 996.9031975573392
352.96277807772356 457.5828258827026
973.2320858776322 793.4436537111264
105.21076200821066 596.1910445182158
589.6957658395 860.4203731718202
475.63804049603584 402.3084367299491
338.6560718291558 813.3813797124599
171.89116901377633 48.968383065604584
808.8243941394851 538.003391098589
331.6666977267781 189.12126836521225
198.63119166669952 61.61498969073686
819.4637468032772 988.5007626119013
592.333821496111 568.03122731743
448.48546164347147 680.4789757319677
336.45955548290306 805.486304356343
808.3839056434215 693.9663906278975
580.578936873097 435.3018245973086
153.95738181446794 218.88895433851653
961.4440686041586 448.03050389317656
115.57238499145161 668.5015725894501
355.81549704351187 634.166330216975
828.9973984191512 873.7734203398182
604.8396433340895 238.11348094910713
450.49906043311626 2.3072913520704175
121.6292194512143 346.95876859189735
922.4658189807162 132.73173943909157
333.7365321281446 269.69270059289465
285.4878137854088 135.2311618877825
983.5000003441593 147.8771411222094
794.7361661812928 9.855897272354364
411.7822266710982 305.3578668887056
591.6487888326133 116.48054415136033
84.40781627272176 392.47279866783646
706.3435944307242 793.755469600358
785.6477601069361 209.3077739704562
721.8446122092254 709.1233009229145
99.38623002154345 202.90359467774465
518.1201361902505 907.9481712356019
26.145072959757986 24.919171880541157
132.0962238954504 937.0324974839959
842.9299622105062 209.107761237027
919.2229831729877 606.2726326015292
602.901391753883 982.0643901336258
882.8351278068483 921.9309860818049
993.1627551071432 456.05426192792976
249.4621453788398 475.9791475754587
621.4969902991462 969.33364612761
111.40798261530816 108.19261162292815
186.6716844122862 137.22606457963272
232.33353662354307 971.1550787652591
401.9726924315049 256.3183864816687
917.2399185998275 223.05576548435457
987.9141977153234 64.49270620107706
185.16407538863632 449.1408650369976
527.6131210964957 501.1119833042489
351.0627465334402 569.9059419268069
487.1042812500281 34.528123785075415
522.7746484863836 432.59310137672924
242.912119620883 328.1838727006087
449.6145114599912 502.28332947194286
530.483698371205 501.93017543206395
621.0676083228292 69.85067315656468
329.6266108303645 11.783524578000915
507.2162220909786 176.27178625465922
836.8849323511103 219.19814585669573
356.9446289012663 16.26066075734012
839.8249696813831 50.0305024214438
25.63252905112423 928.9253583719232
504.4917396629938 753.7243403506683
890.9614646894343 209.1195868360952
314.8364209340717 664.8466817232132
33.622205054634534 880.3887274922657
661.7037302838789 41.956128320212116
509.1258323734936 258.8869531586823
369.0074108745123 512.8871316081587
717.5848053600438 607.3676349886553
266.01124626237885 390.88460752685836
590.244534939 429.32690005603115
767.1715167673951 142.62566128275424
554.70997998379 985.6058402222367
304.7867390168263 587.0161383912007
15.226159860637356 429.2342127180775
374.7387610908784 982.7515433005651
390.0350486106129 549.0243994693349
901.898804850809 22.983284566722162
584.7456273031221 488.4012598925177
609.3111103015674 897.0333482168166
148.81804728840365 963.180128593014
84.05545913099677 1.9507758440499012
261.6767487516861 440.481694321627
272.72983891689915 590.8065143834556
125.63149276714935 460.6988794893947
210.78229452429 629.9734393746403
304.69919863441885 785.407642045335
892.461382200663 404.2405353033243
41.58393200856647 336.3403071455088
321.94255822459496 956.4619015387754
609.4859177938465 954.0160087381197
951.227857427837 277.542231832649
311.0749772114849 849.3501969231506
906.704607301738 272.9125519614525
823.8774780298983 247.5408909782353
633.7883182209293 923.2513567289085
209.49036488835503 130.75667872821106
847.8637100475999 730.057728463244
53.4493744175738 174.62760885812423
969.7773168147777 490.78470826064125
883.2431938233535 943.2664647351828
545.4237493095309 683.5928007142236
223.87876717087985 158.5252658781443
501.5067567856057 258.38497802451985
393.5676345783032 391.41747457922605
473.3457882355453 428.6359847181629
416.5166770092551 837.1135835004584
855.6373056274858 137.63071085192047
235.47122812397848 929.6440964441892
673.3691214765829 233.0773945317447
743.5720589405026 428.42049162212413
847.6258190985882 25.663519993934237
23.252282329847663 265.9112318921395
939.8113773895644 829.9734837209605
579.313944680963 884.2867364342926
997.8548604558463 290.28879390601605
283.98829762531165 8.573439918021952
699.2540467951671 779.1431668926023
213.69784765895017 804.8337410573927
588.3504908289385 923.1062538880533
550.4019827195527 154.11551433951686
839.0192811277324 358.1218110559169
244.82279218553725 336.3908090558575
638.9948683376339 145.8265765493112
194.510799143633 763.4305790377153
988.3446112027109 892.6294542075615
276.6251681892934 525.5382116960731
432.1395267295931 504.93010507790603
693.46663275486 424.2919979057803
6.161585901251487 686.7093738397016
738.215557032222 851.9220925889141
464.52593819790354 739.8243624731679
268.99150861531797 347.67545969269554
679.3847212270174 962.6932808080023
891.2650054749847 912.4976784264825
955.419447222272 959.6561895548654
91.8158207247114 195.58749734636592
885.6168260900627 471.14961143664516
341.8467517476298 479.85703492821654
289.86268090425637 913.9349154338482
492.5252239874165 988.0562581507877
724.1773411420098 680.9707239105406
623.1398286398428 407.29741712173393
25.955051631682437 392.122882446984
870.2224438270524 686.9416112759995
369.35931743310914 709.7556133929023
665.4007487326171 103.28653502996087
345.064196772305 37.349532075264925
240.4103966976262 304.21992474779347
649.8220511950291 404.6444213049295
219.609435915042 547.9813724857781
73.87593397895675 109.40505347299722
613.5025565295977 632.4004121913816
608.0248897612498 233.76066030176813
551.1957796714546 74.45602332896905
657.1887779719208 982.170374821656
645.3672062290776 944.7290593588324
543.6089343562667 898.4176613494968
970.2529837332394 387.2956222909524
710.3593515116107 410.639297970639
251.31154652140953 262.83629318699263
294.63281786714714 826.2454550099495
14.644048327616899 541.2120657900873
30.304937592968816 852.689042488444
124.91190637657613 39.48497709041554
760.5685159188492 955.394302765479
352.4074160566723 852.3379517425191
193.96936401363706 380.7558415021084
353.09658610122455 354.07435134362777
920.9639728638705 469.9711724468608
719.8683218046428 964.8551116141873
123.15860890834097 968.5713115560533
568.8871973551427 968.5570908531215
853.6781508303485 396.8652767388906
461.8619288607807 545.6137540370335
244.65219174167098 188.1163357257196
333.2051429356895 841.4247489961176
506.5952908897639 224.11912528906984
490.4745010831636 329.3986155667702
124.4966861976392 601.9482939758444
687.1490633351066 947.4185437596492
226.72443407261989 951.00117214103
728.7088944564475 487.4983092686034
705.3877696354823 386.0581788330909
66.14998977176423 500.6214775633273
300.59035799390034 229.93642706170135
355.4806849241611 542.234214554206
526.046691064672 968.4137060343628
17.409859336914412 928.5879497872168
9.822222685839211 510.45113483562034
418.35092527588927 300.10506170343024
551.4977138696364 718.344801758323
412.0303033213568 195.16732277475936
955.8464166759295 345.2880028540894
630.4022875542026 526.2033533283817
493.152795216763 971.9274196392544
93.23740161649519 319.67754817811
657.5894722246129 268.84795441271416
417.6641441774258 332.56032010572636
747.6093505690313 928.522464051555
152.10903858270663 190.08509834898467
676.0975333099951 908.1148507921281
533.4935603099374 503.0749793401467
333.06805814483965 203.62534818091171
272.21070974169356 17.847570412705906
769.9786550559625 236.21946500923352
806.3178177313191 227.68420975165537
452.27611216211926 73.18319433844356
