391.47652315388007 311.61853877614
132.1106616835447 851.6199759736232
635.1093617652741 142.25849090508524
387.60677098134255 964.2092327232494
977.0404221226221 615.9184634442341
770.1116327000377 99.12421288583928
690.5717249565726 268.6387967211873
98.73330664558976 173.31651677521708
23.107566750578123 406.2895778471104
435.48973569562133 339.1080379704037
974.2596935559541 442.029869080375
601.3557636090877 937.6632323531562
486.67294240726034 134.37957359521747
825.5055498752504 416.93204070563394
951.7017716495467 902.6925752027863
668.649183434414 711.6530125632346
104.91937104439508 46.23339339966748
49.84038762675213 373.04437150228785
840.5423516582986 873.7238840031124
675.8575448628847 557.1005550047811
209.20621362091575 462.1403858868539
423.23794745783425 832.950517977095
880.1274777851883 6.7060600262057735
255.27058146858528 656.5229552962556
646.5409872944346 498.43697491718564
69.73047768352725 269.80293304332326
132.40139884866076 771.2645522131871
467.86321797888917 732.2538031267511
718.6901355630376 797.6712832231191
811.1055595940702 768.516162078051
849.2705305283887 479.9405944927814
89.25392211863014 125.28633815585421
299.0851038595714 83.53557276167444
62.269950384081895 170.31437184864805
691.5909292341081 889.7854627899036
857.6379745371622 537.7517730948889
537.6802791572314 606.9733215762285
706.1665722212841 726.6173084377457
334.93550274285866 572.0815635306188
781.3523336550844 692.939252655725
813.9186108124939 799.8665834959335
170.9010653838765 641.1705959219797
247.29736528917877 491.5978123255554
853.7278372195442 416.76338433682105
847.961672369876 702.7103387088438
181.7339545919282 129.3272002559096
673.8853163844284 486.7845151638013
772.8855440647648 894.5859065902307
130.33976548773273 982.6798317143902
910.5949284182718 873.385843456529
114.16805221546589 592.3146669069758
514.132831206841 107.29758680143541
80.17904177640656 608.4972545139943
495.77518404671605 2.8928870659669093
826.3229324366582 395.37761702299
852.6161615281595 700.5666240530885
592.1613256643291 498.50398761229917
154.45434471364393 978.8138499674026
144.24603786532143 867.1314436544792
183.88627874151652 791.1597757644055
882.3731148944918 708.3446449291022
360.71808836532904 10.480729354506725
642.2792599381837 360.7202765340635
240.0321860957454 464.2424608255417
793.2001346708756 974.6692618543342
811.7227489978751 884.2214910951092
432.81114998838876 717.2627235769071
549.0404478238909 965.5642594843686
967.4232738567495 681.2595968746899
154.66306646501482 332.57795044346915
131.90736605817764 671.2179620376978
735.0355961010353 842.4357124277032
551.6728082356469 563.9863553908316
697.1995473863509 323.0182975831375
278.12730374573744 996.5352392805823
7.0583091726834635 537.40308518356
339.39640396080625 721.0027771625467
574.0014266767575 895.0504815042096
239.6829201647065 84.99347070905029
434.037404191133 188.52694813241754
513.4978285556222 744.5817163757496
92.06164017546403 424.6426545428923
895.0961065468273 898.1371343897212
853.6117963306751 640.1711264953574
398.80207865773485 41.00175262625449
227.4401182705017 444.85713695634246
622.5108793365591 484.2142483967711
512.4589222044704 918.2081611597125
884.5036656047882 654.8889924276323
496.091267104655 401.6038877938652
382.8165888459456 501.5235170300459
785.7859058138125 673.5473504223461
426.7538649120295 164.42061362813988
671.4325805579466 973.4199190856873
931.7383929668096 439.5760072505058
573.6391827416638 347.892117008222
791.5434248706254 463.79662607951843
71.30988451434828 834.180796072584
446.0513514707638 479.47824032036914
221.68955372517075 65.63230105781226
948.0370097034415 499.38571467813676
387.015955442073 987.6506083435132
99.07409782146426 184.94266348862885
64.14856958355585 505.7781755950682
772.5154478240685 275.95192869391707
277.01861829216614 52.776427944664974
370.5988538115291 465.33184281692854
936.4722426100392 257.8420459398196
473.08226180151604 699.3678674406839
198.05446224772427 128.6337510857868
126.41342357358442 502.14249844866043
255.50894752908192 415.5740582129758
895.2904537188114 72.22125286324244
196.24468911039216 117.92902146358175
752.5719546296006 580.335879878468
514.7472165549607 412.4580709478113
118.84607468198793 308.7205614465681
630.8890316907899 637.9655753658473
879.5703483971404 15.920460963981032
292.3198371675494 352.8741329993258
5.544693728731009 185.30643465906238
53.59423463777902 897.9792183348587
481.5827427382341 621.193429885228
119.42079905692515 342.8336974364408
608.5969298147174 193.37465209396353
715.3932660412181 171.74957238799027
385.91532894911273 399.0469463429693
806.7908059486797 574.1937793328955
603.4994974030434 810.5174982795768
424.511372263507 744.3936494432384
477.83362030271036 407.7458423670729
76.92804032258316 166.25653731889534
150.60790698303472 256.6890912555757
727.4355541165019 462.2478868051868
135.91953139971335 987.582522959342
599.6802469137698 18.660106829763045
849.5670102735135 51.70161564474807
635.9433905745854 264.74457136785526
683.1145866057453 790.8157801948148
778.8744430294835 179.46739588164306
695.7557177013307 940.4580804715011
372.74752737015496 327.1893577765499
888.6052070485317 306.29925465420695
887.6403886257771 482.35881287154336
198.9021896689459 2.328328389664125
858.4123750605 693.3458742603831
805.7068042345662 820.2064589771915
400.0842061335892 456.83519764750923
74.0256727396732 11.074341253995645
912.1987006129841 526.7335476828725
480.90239879112306 4.257926045834304
616.9684245396239 765.3374096339504
164.86111089101973 361.73098010206706
389.49296257130385 359.54536422860764
319.1924402390751 572.8572103233646
933.0544577318495 671.1884195748232
509.92315745015236 130.84876327447446
728.4772899165789 968.0911086775252
140.91189647964953 700.541818947658
343.7640523853589 291.2646641534953
711.3653825857921 86.50442585927709
628.6963660901803 753.6731786643925
215.17073010703413 141.15521250874752
38.815856959439124 637.3025026014103
16.79124981650737 714.4861398601001
834.177542975142 757.8003753140069
805.0744337269972 240.14649600212223
180.49320749734244 699.7461992782559
774.1729469823505 577.0589967127654
243.76061766641732 690.6466101875219
9.880272006854373 281.4034854017103
214.19957237224295 78.04372582116959
170.03451847993645 570.7173856807294
821.2930231321209 601.660309910015
939.246088901462 860.0260460157926
308.9579379353906 911.2964864707159
411.0551234375869 899.330666966316
28.347215773304455 71.23101883045324
504.72752894624495 222.44524650870878
775.5101674280126 113.16931232523896
759.2492615114132 829.08773743732
752.1162568535676 52.31948027307332
363.6800318730391 765.2953812137957
559.6727417728426 164.9669994946743
80.87973882489507 541.6475956111267
951.1437822101836 740.9570932343009
800.7218294193675 134.44430776287297
158.60510087134705 970.7835804432315
819.2598059508954 651.9013920372128
491.5447520988133 104.52153917429163
581.9143855433158 615.5889514920381
557.6469418684584 528.6306109426137
551.6007396475687 206.7527364440479
896.3731681329081 946.6943341961813
66.81621834198293 757.8219526403096
35.3803279324405 421.450624672282
540.0611437849117 231.32229168364648
980.7930374111635 638.0068106894892
113.56652253393284 421.57562979804544
934.5734930029174 381.92229865875083
937.153950600769 138.98283724392124
595.7087335412253 890.8807978208217
562.1549107832302 692.3498689210256
746.6619948890124 434.9630569073285
555.6678522084597 571.6313017486648
952.5111613128744 208.07009516638675
331.03337235052265 351.62977609100096
107.4238861037934 371.8360652002232
363.258972131484 486.6036864449912
251.59585237715388 883.409090825853
412.2267897004944 846.3995021729197
551.504726180324 559.7670538417842
111.86917151134735 556.6394610544502
587.3092571236353 683.7748194777411
300.0982382110218 948.6587257501443
123.44936562583986 340.97807778699087
762.1274926679598 199.30145084519302
351.9796804872487 591.1685807478822
638.9252680523273 546.3475095838787
192.8958409716054 525.0436732857011
612.8904268534892 802.2575355310823
611.688597885653 233.8234208017107
124.44362434945855 257.08638205656354
71.58848243833049 728.4761852026468
296.077873957574 960.8304694277684
176.43929820747184 885.2438881045715
944.5143141237463 806.1375153076538
279.86595365430946 565.446387247358
46.960577862325216 794.2219572071084
337.37853789830797 160.08392667655113
294.0705282806334 359.993173518703
560.2807214491319 943.5454465676871
910.0557040393453 656.8172574270492
493.727817788731 785.7696530621424
749.50075182262 256.9981598729354
986.0059359304533 968.4948690311777
790.7862164273229 810.9767983556372
142.08015297567033 78.77279838486385
537.6238329472411 826.412025864298
761.6864945381529 211.71018607530112
513.0610256562369 877.7205790773769
950.7190740612767 4.441494651918121
984.4129179035257 237.31742130388668
564.3898605014351 344.62510140719814
292.93157310730976 131.7121458744055
891.6157077089421 949.2941345249477
678.623955211628 568.7809968992482
522.313431744945 393.68208940194273
288.481427993969 956.9479690247689
652.7603544455754 584.6832295911303
135.4853408429547 542.6729918852956
178.90445535254696 119.89564938990505
136.10495683373182 29.558704536463697
803.4847171436302 450.73486969080324
995.6048475497323 610.5517323178216
40.04873974245382 276.8946621676497
633.3315754410451 44.12848633449406
435.4313545741717 139.47041776321544
44.24994055476261 336.0192246624105
551.9846141477717 751.350090175845
978.3513969418351 49.9385620562558
251.8259993744203 206.01655685665733
586.158166682692 263.954420467026
607.5980075765364 839.6939088850785
226.39904671012266 713.541559533527
327.7096053937011 186.81001829076305
961.0332497569668 718.0299716726208
928.7553576156312 165.03605472543592
873.151465178034 74.07236184025201
13.786084136201637 353.70312996897815
234.88372090483 217.91898529482367
922.3301541974326 988.1852398478359
725.2962086492473 607.7023026674899
706.5418874593133 82.87647657608166
352.35997736485467 457.59797701065895
857.5797914406724 916.6800390733681
468.42643414565265 667.6425183436857
457.293969940661 967.4650416267556
285.24612905279 36.15234611883844
462.52861464074743 265.7365985075263
592.4186090306858 616.1028925901505
642.8220720057622 52.80383252744969
962.2628915586637 382.49034043958386
287.0135896518111 575.0188570855236
584.449675331499 214.61289971648856
170.24192428464292 823.1995895855281
15.337787973372485 565.372228503291
430.0488617154824 35.13801050519072
549.8093295238182 89.11032786044115
938.7751727283236 819.1343491599516
627.4988362613145 930.1603421201881
479.1654298128312 827.787086461904
670.6642296580383 336.2045828576532
531.072706909885 13.80761834967359
17.548081434843876 753.6968929448155
759.3820918357712 633.4171147728835
162.92985764562795 587.020308476679
356.7475114159959 327.92310277735436
346.67106729071605 358.71532298502683
239.46402821554602 810.3609773721442
641.4067517268492 95.02800125298594
720.7729553438096 911.6262754779985
82.13873362417223 379.1914295676655
693.1252314585054 999.3112504000908
53.337023203379516 664.2675568229512
539.4034221200743 72.49912333088993
103.25776662560837 118.041119945965
962.8310523693094 157.0583841393548
590.5375818841974 484.3712397270943
676.272829578916 978.5182025822342
84.72564250631542 188.57006003476695
423.85710766466144 273.3953914598363
240.26628980212217 188.79215514457292
121.32790526223336 514.8824665567573
942.5469210494596 881.0824971417017
996.2606185920295 275.0951446553896
884.9771472744063 702.6445729671533
485.2519233413586 923.6168406434755
377.66666405434023 946.054737247261
302.4209542476811 870.866846215885
111.12118535018512 696.5623242357117
532.035686167535 104.8578809940145
802.4773789079012 735.279908501396
817.8047861068185 341.19760205373285
137.14860992463719 712.9814042806455
722.3514643004481 708.7280508122393
185.35589124275555 892.3901694924058
112.6131266490361 526.9857148826671
520.8691919376286 281.25333786537243
990.3865960659725 396.7043620777048
598.3861073314446 34.162554371492185
531.9654723273757 520.8714251021979
556.3266501023679 587.9952246074625
226.7927063615316 901.388043241559
503.424107429094 114.01485925790655
912.2780927962016 815.171947853528
520.3435660964291 519.0827890085819
190.4069402864277 763.5812713100516
61.66180638566998 409.09760554587405
181.49243915481006 910.3265857544078
178.8927500240237 139.693001568303
821.4014916905069 875.5773829851203
1.8453768708388552 322.38853669228126
940.8096178866513 637.7584456037589
213.4517525440719 928.8019620136131
178.51741243658137 209.57052132082177
832.3047236866963 441.1957511615412
375.5877898701632 701.0587695315376
477.4964042200499 334.54479738368815
473.03931774610055 360.0914082365616
431.9501225549848 543.4758014467501
93.05819527194159 189.40049084105425
243.28980281468282 466.8435714755684
922.1670553798818 779.3750577848566
305.39269183367344 493.3729587010979
734.516432730245 67.08682385354847
849.1229047569408 993.7095188060496
394.44042503216883 834.5669044477498
37.3442219536545 217.38596544806643
459.6449097063948 893.1414905516497
407.16311915266624 557.6257411564541
69.8735744833724 65.67360094386554
731.4534855158446 202.5684833549577
650.623025356846 274.8466242995244
482.06705311571153 278.4170151317259
587.45512163686 273.16477355570765
468.73445598189824 208.16931266912675
433.68124867264703 809.134767171825
900.5135162182675 159.01221550116273
402.66992117999234 314.1316541830658
70.74332693082452 132.11911929268317
865.7550348408755 515.741068224466
101.81344692732685 460.50650194112563
327.69956062547436 735.9093763210287
702.6601844978054 223.76935121426567
883.8954205776023 16.02189807366672
689.7524441428681 362.9287664964639
476.95693077851496 626.0686977062794
101.43175558093232 84.2898195033308
365.0920104189731 961.3464267005417
95.82272316689466 478.12101999441404
90.61166481321892 307.68375056565577
464.13136010363877 146.13154200697542
894.1648296415078 464.96699986806635
514.0004101869164 31.135892730547177
958.7625137100221 758.7817386728425
281.6926314795788 572.9603042251912
87.38131459175547 541.2748685182814
517.2243016990094 776.5583241634946
418.9131020603074 884.881234301245
653.1726790823127 771.4681539027606
569.4546851284051 806.3474567138513
15.732889573136234 966.1578628071845
149.4068563185297 23.524942124843797
865.7015474391911 956.4681869561456
951.579843297118 943.6932382040989
467.4151746888293 934.2779118276432
231.47794438875735 309.71339689056776
275.2739365244444 460.6794910962888
408.1631397987325 689.1008467638908
500.33221140495465 117.36781254186779
202.57396647189586 781.1457673877873
773.5393002633874 730.6082231638691
699.9022343274926 338.49817001052793
357.56504735268993 574.0644515031149
73.60707959830937 352.17407707627433
375.74686131745574 199.93114264554868
740.8723391858857 32.72814870456187
824.5458294520777 322.2292908206921
532.7894373331355 35.37705115113343
715.0017114160428 481.78779345458776
57.27509460448466 323.1472771088546
549.0277778941928 59.347291331757425
808.7093514075268 39.65977374617924
477.9879765113132 571.3876936972708
735.5060596995738 771.9530719263835
913.8508511433487 82.69390394469877
915.3045559520168 623.7855811211036
67.31577481550622 0.3387180579377258
707.197700796305 591.1468257660754
872.6589005589291 475.6762932977919
251.3885265998237 834.2462627751978
25.64776073238617 134.10272705025795
468.89330225661854 574.0378307007852
408.7247726128208 876.7552596253527
777.3864661042924 506.37683987078066
6.761870983648888 53.98523126457355
584.0087932983851 823.1954251196055
527.0396266886114 397.35391121637366
241.93681188073757 157.6214175921924
328.7061627994873 715.0647201758514
564.738281023451 28.754982383398243
939.8225017554332 505.159277686379
181.0148398639847 651.855941239249
394.2023977270277 321.46830208103995
981.5596647428544 300.9841870351525
855.6068245857134 939.2235348456757
662.2344808621955 763.6744346374045
513.4542236729369 110.39970941346633
897.9966955116004 811.0157096234811
532.0595426324195 973.270502393513
996.9845289175008 21.544900840803628
914.5165416786872 986.3260999362304
978.2935504874579 743.6528866611789
502.6895667844844 593.6141075730735
893.0557527347999 458.74102412621664
976.382066506971 696.7297155128125
865.658218970944 316.15412189638505
637.6015870956073 408.0949006998964
770.414739511961 150.95608422203765
969.9414216685936 490.8307768027873
678.7311497205618 866.902667572336
448.45158162666587 352.44087611440324
212.78106418916897 669.5051547151129
841.9730387386555 452.6877575372479
723.935091322016 267.8679861409909
297.76020815680727 510.4588111309992
777.664097738392 829.022033832483
827.3192239430945 950.0814837770564
771.3625677548888 164.76468800484167
422.74030204590497 614.4625180954483
637.5152950020756 358.5568826832585
924.4042222801452 890.5889857416888
491.8572413104628 798.8156853364449
933.7948860702865 42.344080561965924
774.6524917688722 374.98130973035524
519.2510370385573 726.2536891728216
902.9453144315364 414.0253265819912
197.84183355803154 377.694461251145
702.6125656855734 787.6064369930539
693.1530212416435 398.25801538146
921.273393991266 503.8693379629626
266.6212851719427 849.3796198553869
936.5885362076408 12.920887915786828
999.1564102831325 663.004596963143
369.2087237127251 401.3072993292892
260.1424449542261 216.97849110004918
685.607152713695 628.3545825814039
742.5101922635108 491.0126030131199
33.25858822582373 966.0242348088991
865.4256399141464 918.4890281822052
489.10382829732146 843.974542596842
50.23955234804956 480.0350008464255
621.964518791795 372.8073808831979
360.6961123105019 546.7085502365211
770.5505138761399 921.0192693322832
264.99901198372044 473.80353862738724
720.9279626308622 254.96452606885612
825.1856747793444 970.6945914995641
530.7931540646533 916.1775625656013
448.3616408572292 827.8072386605921
92.62364938032187 706.6900816929906
444.69851119427216 668.7127664935284
653.7548335408878 380.51842516956646
28.700663597044816 13.510865372880708
918.6565790111761 898.2851363810857
73.09748437772157 89.07746892108237
547.1609945830191 891.9778538383819
878.8193548139158 502.41955261916496
832.1193937217713 308.13778040461006
459.8670025825866 105.29195584522833
90.94264824147868 550.309183842767
358.4859840670057 121.39607669338237
837.7057675639373 825.3699450570944
803.9088282143332 881.8941340347772
115.97435470351058 813.4030485804792
107.02965219607552 320.6364902908043
467.2367327822711 227.05697615040322
543.7271116809364 717.413966749977
885.8026792488323 303.8831078214278
621.1534006272348 45.71096888145887
768.2555542703195 783.9262091517035
544.1586389600355 680.8491233227055
304.02177269350085 464.8840598996897
903.1209640839113 155.07574120308033
973.3479146621162 998.4408321080901
89.80508986069647 108.06475255285963
819.9520881944433 193.9179054870652
714.4731236274679 574.4624263421234
947.8433418377871 729.1752219229878
345.32276657795404 274.5239650224499
255.27862254143096 833.734866441774
220.4303508340798 629.5511483001529
763.5542762832324 205.3880028783812
192.72688009016758 810.7551959216792
24.30485027114826 149.0852328407337
60.13749886662756 248.33353444731011
996.2089559517623 685.699229033833
605.865950854909 676.9623852879961
470.4786120702664 168.28832562218622
127.90717909415406 974.5719613095873
594.2344192101427 764.7776637248608
972.2231058796123 763.1847060459505
291.84635677017224 18.514810694207906
600.6178397879588 983.7611019375458
416.5458258686702 581.9446844514983
22.200119195348034 431.4117543971018
278.0916035194888 133.68861899109686
996.4228949742394 542.9983692712079
786.9984788341214 435.6008385336817
276.0406276326636 566.0605827705139
831.8144332189717 463.91483499304206
299.92722544615503 606.1691383854051
663.1584707137134 557.3815256702181
168.5488532155902 949.2207804557355
996.7076448369189 565.339607025392
438.9870796402553 485.8532600739256
267.0487327896899 49.94788493204161
261.75995859895386 27.073944875895872
965.2864080414219 699.348538710475
648.2898379411835 793.3589051189366
275.5261797246721 242.31902705038988
205.71819550173797 383.89354745713456
288.8272042297855 320.00959253654804
504.86979477946545 88.29022935228149
917.9465113505545 966.6523526322767
357.519352541245 490.0318127234837
262.17255211531807 578.6670319720502
670.7162507229402 929.0548914045487
578.7729982004322 510.37755327151115
218.77356556325657 540.2995922216754
206.0577644372379 724.5923362321903
627.6301061795469 265.7178461932859
752.7851788369878 247.59102873705885
101.64478080610151 449.14544212305964
619.6157625673168 530.5985321696602
939.485226560281 366.6074087933515
450.5440415059899 203.6168312970563
683.6231053571877 319.0404747029756
425.7165755586203 122.52424247494842
827.0509269822289 720.080212906458
401.7696256189064 56.64022215976105
361.1863724928077 948.4748125651485
781.7973939477708 841.4935444807617
90.53163029365518 602.8510213199904
654.2877720554786 330.3203608716837
562.5070893045483 195.97237227364806
178.83967819622214 17.857901503123497
664.9800986551155 256.29367729603234
416.2016821187802 781.288279709408
429.3610271478907 266.5296050943057
801.1494975557799 785.7266260921082
343.74055322889166 862.1196087660966
238.94496197953774 235.43612001296287
528.3937489762008 236.88518227844625
369.59723416540345 316.99180184865173
455.0776575276271 758.8398986010104
888.8721626195295 376.9044306977627
501.90129684279225 386.026170634445
940.9731932429737 103.75420513678324
527.1478801401346 590.4173998866808
505.04341015444976 243.67334943078868
818.2812367767154 147.33755916009582
386.1150083099052 168.05628000759143
226.4694135509323 328.51503613505616
890.8587863687687 433.6638632109991
32.31050038179095 748.8008836469778
519.4633599605415 327.82861080672075
105.04684439651268 359.74643008488647
37.19938961910185 275.2559150633773
215.40589998957626 857.6485194571619
102.70214298337466 897.9558340230011
941.3068189301268 79.33536610004377
224.73066888339278 466.12892028725304
466.02412179423413 795.8797544618944
195.1394438838343 455.36859031220035
710.0010704014419 682.5901329624608
303.0249387606826 934.3315856281768
660.3567832273447 143.04501117692402
573.4852773511711 547.0675253087287
466.2329403641454 95.5990210994494
994.1587650563168 925.4867512761774
853.4774260558592 792.7042332265601
193.68277899530983 469.98575389476827
678.763693562629 236.55329671393866
318.44171897543083 570.0378286847141
991.0963071327172 778.9659914356433
917.4487358409682 501.59580399023804
797.7548403672113 49.103934307975436
489.93286756239775 434.44305330205344
842.0793292921031 439.51328742861574
976.1798613322754 210.16758119293777
92.10283346425807 999.1581543965447
879.4009098132148 810.2235962181624
311.8874139031197 731.5225429796432
894.881076314797 723.5833926840226
41.522151604984735 976.5222192654061
892.3846166711529 744.7721188972944
547.0925458151444 766.8817604435601
848.7720313848455 85.61641526596043
818.5332935814891 792.796734735681
860.0094321785837 67.82761383368496
491.126710252261 883.1143946656524
675.2279458084676 78.57862359637946
645.5118069925102 716.9305755127593
290.2168418412426 917.5231972569218
801.4199449394507 816.4149142494682
13.711423083083595 141.2448987610877
61.95449498785077 739.8396597305172
77.06244743422985 519.9127637796264
288.0839430847728 793.2025553277696
296.3510277715268 260.9588787642544
387.1192161266018 509.4971596549939
515.7392127449757 225.8829530471802
284.29715482873695 606.5992680675552
561.8231421204231 968.8275467505155
913.194591901461 127.90088987078107
220.98205045047192 59.3567182617406
608.5478898403226 994.2383367025282
315.1933564792406 816.9102600980287
614.1554782707376 251.32454187065701
296.5099985571581 280.6943580444117
28.891525133040385 883.8097254780012
906.3735469534992 966.3086425025286
405.4610298403988 185.2588714501686
353.1622683594707 719.1989348071671
389.3782090217819 322.7485195429041
149.85088685788682 765.0637201942467
239.75102677323258 915.4489639353129
223.3843005867393 878.6316505257465
808.8071429421101 158.47280374652905
158.34508696380743 444.76632952697327
573.697181308776 266.4340487234671
469.7202830577888 69.64382741363994
611.9637947998355 785.5768491857809
613.0501930634912 314.78719943286603
991.1654143460472 628.9959360116547
34.96819945770668 73.03168278657213
903.4962969358818 526.3863304401766
943.1170495806771 83.03293714796244
17.84527508034739 947.9224056312681
631.6538253032321 87.72009113218549
944.5872259120965 461.2816296048736
137.03261618897056 182.13411953632053
412.503291358296 911.4918816336543
718.4795842490329 967.3815003225889
742.5770693570721 775.1952124514979
158.55280496142555 229.97168116484457
470.01558182675564 534.0853574672335
161.40503097861492 999.5965004582786
513.6955547258906 936.689840632204
189.8444364165911 3.4481367328468293
121.3369124205833 573.3322406666869
927.014776974583 731.4620409177438
929.0571973669249 276.0234934980277
174.49319805140752 554.4094192264688
865.5618635409918 473.1959403338506
405.8302901358709 595.5537270460368
304.0772651013494 778.6072493569076
383.03346449651156 346.62413217233336
819.2345379608147 774.4057545721435
213.22177941742925 340.14828891416937
141.46425593817114 160.26273734991136
973.6562444861497 542.7258557995209
418.06309420665247 183.64118662796912
565.5765135036056 517.6126312308721
687.9455555170134 540.6848509774977
770.7518066822518 820.0254172429497
556.1952895850295 742.8749265259555
579.3795835250271 534.8655344868383
414.88196111952993 281.516580323512
733.942914268736 344.09881675131703
198.21133995428397 790.2807685125044
90.86363019357347 19.818557974019768
582.9278506003901 805.4416167558436
840.2649595852812 779.057295349588
748.9902431564167 654.1127979520588
843.8837167286073 507.7019092862898
300.8928395409065 462.7015349973754
352.1494428066947 463.40594372434475
716.6059998704899 270.961872121405
143.67329425433917 701.1821066155254
738.9614889094067 761.4433926106726
693.8669443760808 130.3967193837945
453.4097223396115 169.79597441557382
324.1381339454936 808.1771611965213
406.427107697098 528.3041718104282
409.08565521833043 801.7825028287461
10.454206294125633 513.1903397507883
626.3437777203809 711.276009357237
654.0958626362385 815.6382389232386
922.2020242240654 733.8782609520308
390.4168596654979 137.15392322744378
335.8532998021519 972.6678246702428
811.5177833617465 621.7942985627952
76.09960938230375 544.8355088184205
734.1775559629348 780.9581172891452
276.57131092695585 928.4882898391584
619.2004802422905 740.8476974650939
668.9923567758511 902.0364733186483
226.20743256709764 948.374431001821
8.750572836679904 376.48830235375
865.9620812856044 308.19468171162214
463.0085949833598 398.5140976955184
753.925000647272 91.72683552326177
328.81749011111907 610.9317837655514
391.57960022484394 858.4146336484793
387.1720659596096 497.3042382816456
606.175877528998 60.16543723303891
918.672720317386 808.6286701147047
864.8889963215653 961.8067506683565
907.436153278082 672.6361253915887
745.992083535428 3.567681782050358
242.12301306921492 20.009641601172024
997.4930113322752 756.0071251081084
786.4275468509932 126.86758126894637
442.7876835159945 173.47302782533325
36.10082444777518 269.1482890514082
103.2332751421331 939.0927991875503
705.5556465718914 712.0710297782792
299.1463798095269 312.45768857815926
994.327631112133 516.6374615381578
163.5828623702965 40.578731890472895
472.14395144656453 935.1766342802323
957.3578890094664 573.3556407293755
491.0773638911065 489.2259024864011
809.115411470886 36.71422936176549
784.239744107941 175.57893365585008
20.85907435676626 159.7319102561391
442.69635457123115 630.1212704225997
877.2071301950888 626.4848576780258
775.7580565104118 494.1128733342016
975.7359434218059 129.0146997524565
654.5355823732299 673.8659869763924
456.1281342145059 734.726188399873
814.616517271901 662.3060110712415
147.44308639793869 49.69225505696817
250.9520236136358 599.692075347119
575.6789584835224 58.755567126692945
276.51717821781716 290.81260806951013
977.8967019209025 453.9812369580649
36.03500280267325 967.2612157774851
954.5289489111248 724.928322517261
267.0314214063174 185.93615421859832
158.0971375362009 277.37223499145625
882.7139090907898 888.6964420170641
464.4124558763356 371.5244197324549
514.6445433779148 313.146686246494
401.43781443500325 726.4591071518893
497.9034072829417 140.81134023950415
221.33912737575358 224.37193851059735
907.4158124350553 996.4987248554158
892.8561730080268 266.4582370195562
161.34272339986268 171.44353947458256
463.97476722975296 981.6137449100964
395.91079686037267 232.85656961186442
698.9832927711124 669.8240419456015
285.784783828133 3.7982134579442883
629.3487059585436 574.0232973456623
235.06158851589342 249.83277021391424
674.4481584880845 317.36681634668315
896.1918699946639 292.70822649747606
286.04421680987 117.27614221728489
787.6117867871262 686.3464458502497
649.4932185940257 193.27932570938856
375.59378367424955 36.71700833760072
835.0279469012931 622.5831813192848
361.80206847998085 24.707293625713
934.0569171719122 265.47836201432926
75.26490919432327 699.8904404431559
138.27487360709068 282.0920502617826
805.9526349397498 153.13183110799778
423.4799722456126 192.66746011387625
636.8762794042765 747.2639057393664
485.3449126149131 395.4627571471232
832.5991443110569 187.59797474057237
840.9913573136782 549.5270379274259
124.27920303683149 847.8309704940893
558.0673227037811 254.02388348069906
294.8378912167847 931.9442235049889
902.1303640061535 11.438256845704654
312.5761952503782 248.97978332361737
303.4894285493336 548.9156530209028
887.5367598184991 605.119884853789
436.2609188556745 190.14685775742313
732.1360148489238 76.28335453441292
875.2455905410751 119.62604388778009
996.0682117252819 714.4921429105802
750.3343905040524 61.77308282527139
315.2086170237935 562.5503297732812
53.50306957740103 109.32622728337161
665.2204696350406 204.1167710369497
770.0572615012834 178.57413959024427
742.7966239480522 460.04199651526267
803.640469953991 843.4115006927366
910.9431209223038 256.8783260156867
743.6198637652835 105.86533988302848
839.4391593206901 139.76227892278192
883.8156988839901 997.6542000843231
847.5834734199259 379.40626087153305
543.1422165831594 775.5060795487971
613.5648205548957 131.7266011663668
661.5789991057006 872.374498208352
353.26995466393186 648.6732331631908
848.993635608891 697.3572608507219
791.0694931464272 110.11603946434589
549.6879558633 839.0355809624662
246.09861117744725 249.18159128238526
752.141935671403 220.1157498638433
939.775684058859 577.222948405645
721.2801762773369 275.66942929827457
193.7792151297797 679.6447700791325
559.6887840891887 282.932940111184
532.4292947285501 750.0944296590241
14.560251817881786 557.5394825712048
829.3969231878874 258.0693622821715
838.7473327792703 349.22306690781244
545.8904732732087 403.7796870718465
187.15703717320864 919.4461351358146
795.9460768526899 804.144351164549
983.8182760747236 464.06762095842345
444.17425044006495 675.0877629215905
930.3077593693345 256.0817518709052
692.2921859550021 627.8437552110579
842.8208276170029 626.6223922932321
642.9978894501648 80.761602465646
303.02481906994393 176.84125129413687
143.2182450192918 203.14896907183945
186.93469618206836 918.9330982069796
803.4904531091239 253.97509801480277
496.40192457189227 881.494353354623
466.2119531612661 155.79682059085263
59.40926323390572 82.56601452713375
552.7215406925967 153.0589479172606
88.21554708568513 673.1260397521007
657.6498307652917 443.9598889638421
288.49639224173285 484.45967563479684
478.70494384595685 746.3618699198603
197.97804724348654 174.7512419147703
671.0345875408193 860.7651261662485
699.6630502027374 663.4041445207858
497.53365991638555 427.1532352613637
202.59870729321082 566.0102225280131
209.94181716020287 237.5572000458238
812.2397616247101 898.5539704544636
940.3026154538902 662.4735959092577
922.8090710753153 406.35052418504824
508.33270835320934 976.8125788686532
55.661634203960865 491.3809853704992
957.4750987151962 629.8390595361993
440.50834195311126 861.1022863278689
820.8884229775193 793.6109023732154
790.4577454848844 702.4733620249374
88.34933586341998 845.7059920981592
957.1858740925605 396.8526624884815
596.0228979957355 794.5695920659598
669.1452646581134 534.5871520809849
93.28150027011029 39.602308084184855
353.5762017885682 262.52589312963147
554.2300273520067 273.14816385664363
122.1847618852987 803.3564068009231
396.3211798306312 777.8312695062951
360.7035006727119 322.57516097581316
144.42158579801068 850.2284118337446
4.152758932489786 187.0683294725579
735.9158226674747 590.6545826906503
502.47130547902566 58.69255316574362
100.91212633288748 838.8767102113579
685.2876978286712 196.9096293018382
871.3401190772497 606.8605872786396
219.9539088162006 806.4433092711657
73.70714625164054 962.1947140065982
123.56585071800741 259.09017572276684
442.5069816569662 949.623916717098
837.545690305917 543.2306422602578
554.7506268067252 803.1646533248544
702.4632060613205 350.25054753933125
330.81583559620253 397.5630132421579
281.1246738757985 793.9973338022542
572.7883979395383 615.3955092624959
869.559563782708 877.5593895860603
118.69493322483848 64.90161586563215
708.3863912033487 471.0705474537479
879.5033958336212 373.67640786541136
861.141329002243 744.9069403539363
495.49379968371454 104.64044790623738
461.5043565499418 714.5557109459935
599.5791976910684 193.2432295803349
47.9589314768607 796.6011722594928
707.3818309039023 688.6454833448757
2.273700367806608 49.68621658748251
567.3479983414986 496.66497180301593
687.2953231374682 79.9723641114427
398.90969465433204 768.5589514910604
739.8936485208842 427.5347239458864
822.6793609310187 557.2560482247042
116.50187572515381 618.2928827287917
443.8894589859145 371.43925807402377
911.5456999763036 965.4927169660913
988.7658243441493 297.9204441828145
673.1576168244723 635.4179113084
613.2498976662257 434.03631752172464
925.923182356775 453.92425615061074
504.46185606833615 474.33460462124
877.0084466716485 423.5538642430412
177.52302359276294 429.60824357329017
829.8689711554205 945.400332089944
933.8322704069175 621.3746534912133
658.8422218816098 295.5602483396613
791.6183966363875 291.18587063637045
808.2772233666948 992.9200217394826
825.5662058694015 391.69473924179465
671.4562665153044 313.1916430836658
259.54108553960987 385.1912542006175
877.4155909599498 353.5246972683445
844.9133255373074 165.36223189075994
967.8732785876023 732.6858355704168
26.709897376557933 539.3164513554099
181.82401081845555 223.71167514125057
150.79804366177828 59.456648281353
581.962184986656 359.10429846203004
497.53179145218553 378.5687967782642
554.9464695152067 323.0532348838584
240.76834543367775 716.5378447511595
796.619875652113 250.83150107607088
525.8890985981449 473.3888336810199
253.65195130703543 392.42759635834443
736.4352043480466 500.8903314668257
134.67027312551127 465.6390855020456
676.1953360830081 53.747465257527935
26.80072184920079 923.2679414618405
832.0590970484116 981.4496425316516
357.6370482998599 789.7212264889332
102.67636575413175 293.1281359426431
928.0123273753269 184.23562949026194
378.93970202920923 830.3170573262363
7.545924391672898 641.107408165332
144.53272288175413 416.30067508147306
532.7915139989275 861.724221071356
828.2650064103315 515.7690318722974
276.9131854362663 588.8590331930119
984.6395578488133 134.7927538797181
470.1682159133892 880.6000948310572
505.0762424381845 418.6673451072038
242.07638348364813 179.45580684280426
969.4406365552651 163.96552117882712
429.0080481146482 221.58624934523607
936.0047214650752 251.17660943198138
745.0235702231674 11.778408451167731
437.6920891717493 825.5993018715794
49.14947477517706 801.6952906077692
203.43689020377087 906.6949492546584
458.87738249038256 252.09354920855486
155.71279269563897 989.8959905570435
357.5237834197099 734.1182497210756
548.7639079770397 119.90445963880636
922.190121119796 30.447742473403096
706.797263208835 860.8039869976194
659.4142968016441 533.9748957639239
697.3719281979912 565.8474052413352
577.2061153440146 409.8760867285498
432.4473248921521 358.5723432300168
45.010974982289234 86.33235990600984
628.0292561411542 276.934659890689
97.24756435704795 869.832096801254
773.078960686879 103.44006575042641
921.4166979508695 442.8979219886202
759.3269760220385 506.7924587482122
538.3803643091373 495.2450846292977
105.86049989965373 254.36686264612462
230.2614036391918 763.7924552659192
775.8287351573867 419.8538665462833
100.5156876677391 312.61123695306014
427.3383762778797 706.7117633815068
261.0804536252721 970.8107158023012
566.5865389941785 235.60102639540415
533.1040392788875 464.5245112364281
478.50673851169347 402.7656999451159
220.61337902809242 928.5744879326043
998.6782373290127 706.3645255986195
470.5778764385288 164.0539069783673
159.97718394261574 759.0442460976601
968.1792522279088 219.9853608764979
498.4235182530313 57.58627824157902
232.69879460173482 620.3730027500185
334.9048154785078 464.2470877153275
577.2849933764753 832.3827977365505
662.9342019027137 769.4518959181692
874.9660142398967 377.0483235697264
367.3268850443853 151.78993668065067
633.6229690903147 320.814190014903
374.65524076977664 828.7989985140902
524.241954406972 754.3925407095719
993.5703055250958 700.8157667890357
429.613678201338 264.8229090553428
141.5527923452129 330.20766737630305
284.75148696385367 337.28897168826967
374.38431688115793 169.59104687030347
465.65041094916813 85.1606675660943
635.6054951792212 555.1792171192435
249.61076878064415 699.8933601922583
425.45435742576655 615.1936484276839
918.2018031493376 536.8304783016018
652.2551129663858 908.3096746602381
403.0424768338992 808.6195750431988
773.9536420111001 303.39839356625185
984.9281658933359 444.8664262010722
963.4730279151453 339.3640597786357
448.4328294285662 794.8150365903568
938.7885800683224 62.66670444640887
266.9688459686035 499.25647400683084
787.0986958568449 130.1578483405086
847.3875984412908 38.53245749201817
582.1942893802538 786.1464615954332
598.5556407376806 175.41462941896336
845.1061941761238 175.1518242421437
604.9426820793308 754.8039521335735
930.3363608828455 335.58827154237656
984.1095897198303 96.60864165523542
233.45539970102791 134.66647024618305
586.0856905431118 523.8239302830676
710.5754060459152 351.0846757924293
552.9765763962782 404.7495629233432
576.1838158758858 89.62237943511231
398.7449112987879 456.446836682431
203.0502813589572 720.538255736869
691.958578194652 955.9492458169365
186.3953702885053 576.7126809937661
128.40180087503649 936.4061596257682
254.2364544172586 712.764964349039
765.7965420661416 407.25238781395336
206.8024179415656 132.91383538567825
459.48318362593574 130.6607776735017
350.1358308172293 28.139034143245254
85.7609263988437 510.94891821722234
952.477308592662 728.2411726145572
968.689594946797 709.2751644112947
96.75396246379309 270.685561279017
36.50687760802995 182.87331636413217
928.4695672883661 715.6552231619075
625.4158078237689 466.23928943455115
705.5213811818436 595.527212145169
521.3492849346754 161.0969917214502
244.94505386733834 177.0252227426613
784.4199131488633 782.6350409412223
331.31473236545037 535.5910405474008
136.11488295866826 321.4199049101566
402.5035156363058 794.0558628215811
205.89732795734105 123.55473244223569
360.73448980972347 261.4818990867758
731.7270998434486 966.0678657501819
670.3303252992343 623.083884099134
888.1155432255675 10.178556225178049
998.2951127235359 778.4286042161657
275.68006830986025 652.001605413525
529.8392132242803 402.65042844740964
747.7665143774966 158.41692606016045
748.1841951000133 814.209062890525
172.5581306553131 375.24378310416193
906.4617637771107 272.75551553677815
433.1922900710553 725.5238490771767
639.246610004024 401.9606916614331
453.7568748364289 177.63062785024542
162.2403432441445 34.70085020650882
805.6405663457521 856.0880516148477
290.8499530844152 411.78226907654124
496.56218939346167 492.39372762649737
71.88026632720523 330.4274534799139
873.7063055951626 968.8074401763176
167.2877572568102 535.0336788942359
182.74348599337364 794.9790165695821
254.9178612825601 370.2539581987869
216.11551884974966 475.4538383590321
618.3764177862606 475.2395434131227
656.8171675879263 375.50859916422974
786.6604567526718 87.92211433176811
178.00767120863748 873.4335883447444
553.9021879568583 349.5030628656093
94.13699015256537 299.29196297400176
960.5545256805427 851.8557249110136
375.8729057633442 403.3508758600931
849.5747433511508 554.336559364095
138.96719483678544 871.792777588009
424.6384638403966 111.53910316638593
296.3001807736425 712.9796726679031
832.1429969236251 599.8145868636261
922.6947977214311 174.45742157554446
164.73584349380423 607.921547483025
23.692791110036083 219.05040299091084
441.3301173765228 665.9561130801061
822.3373088943911 487.81174059374297
57.04596988228694 26.75378319048405
382.10740597592394 108.25811454715894
916.2433212635424 885.2419850052096
369.502171182597 668.2319176699112
962.7872904928602 223.76289016103235
26.37287785710307 168.89797002611684
103.91533917562612 605.1737592739918
969.9540188884267 794.7960556611872
587.5505667639385 400.57192599563194
267.6450366680677 894.5342808912274
737.6331785884543 134.7805784129229
343.9461884294566 652.6225838811702
578.0176636418687 860.2701751793205
668.5539401095938 551.1097859570269
282.710927263648 728.9797048377604
847.4724843721151 869.1015748061214
578.7022035538395 221.54083748153596
693.0994291286167 148.90079312951343
197.3625848617556 814.6975053876973
84.5958339238575 769.4255820392743
221.36870761723415 220.25184011395714
946.4516308582455 510.725028318936
706.3312419759285 712.6569974540998
471.00961730757774 267.8258842801786
269.78592675879287 477.4164602615245
789.8124143911132 877.8080259805223
434.930899718165 358.73792247582657
658.9883592369399 360.9206198177484
392.471127124683 862.4297181706979
365.49422569707036 744.714510411546
501.15703300019453 778.8160315541476
983.8836657738943 39.5810017677426
286.0810995100668 330.4869368379723
317.3723591924852 864.7509077340493
913.5224216088742 320.98754150867614
342.3219502260292 685.7217930995415
122.10664973868657 363.0906594507055
741.8670103157693 617.2455047468551
372.2741063490129 899.0851108512037
162.25997392605407 270.4223583328208
539.5264216774425 390.552268469217
154.6115018925215 178.1119251896023
821.6481806180116 751.3915100656884
