693.2788334071388 441.56038000262976
136.57052794477787 692.0919066266417
597.415313768211 791.5159019949233
706.3866268422777 33.7476430168977
579.3492978062765 809.5467238570499
865.2502855124624 99.69038976742428
792.9054216583102 886.3280032115757
514.7409423918259 42.2189411908398
853.7403213945069 356.77279830379615
971.7173351010455 988.825817347367
134.08157405497423 667.0676007371042
305.71683966219786 898.7627827746334
697.2992966963203 695.3114319646063
29.825383128710968 419.29451899387703
401.39337364935 232.6251530055099
444.1212757088071 850.5576114056997
435.83137596496135 343.51101537112703
181.77173633581123 180.48137807092857
572.7732676964839 567.4076464440349
540.0882678917377 35.01551693615357
711.5711368026731 697.7983677240339
992.3234989999232 303.94943369259653
874.5331790798546 180.8964283599126
870.7182147122631 148.89639481424032
672.2932815219777 12.843110936613499
587.2843747301846 77.55519042955439
398.7284722824237 382.5200347744138
916.0362960857925 777.1509865001974
338.21885057570364 206.49039683463255
798.8584833194337 439.9959423445876
572.1453564749573 133.24807862769228
856.9258065988658 385.3992956797552
556.8729870739298 555.867734423681
290.56735353822285 884.6958091486609
12.06817438436103 665.3127890438708
132.69290487187968 229.9504466301081
206.05075506730353 601.0725768312983
884.3765097998054 251.93606840727344
553.9827164056824 311.46397650723145
405.9189976536146 689.2703230393753
555.0469815596736 822.8464371868128
562.6875528098516 38.13659334734576
486.3717031467242 235.16415619998054
532.2567723826684 770.8032249977367
944.3065280719488 910.6424091130389
867.8525619119214 101.19424096469886
277.7590154531727 3.1297906169677203
382.8267003388938 797.053651493266
193.65135660089584 687.4917493340547
671.8663392628391 890.7847839155285
331.15842022241435 191.62494412357344
616.8694206229187 524.8348410114164
399.2403264082065 8.076182006366839
538.893360801905 582.5343575518051
551.0836914289115 467.91363094711056
752.3111623629713 201.58978269041128
29.41825784690455 196.41193245497334
153.28545333698506 744.9668591218103
758.2756437013107 838.2772014220194
131.89769734347644 312.6914572913627
479.610371023776 839.5517997443427
535.7462654992897 418.13341205677403
237.30301512705952 4.002727604234924
632.5535557715522 23.62819179872644
496.4184492403757 3.7117004489141125
20.29918518923668 732.8302355072722
952.192858185733 16.749098153454266
215.62252636709388 570.980581436111
131.07476795607053 189.22762797468963
214.71458500069252 449.3111438090577
215.2472786293015 674.6964632237198
665.645778611805 106.09612368336974
132.4102807767036 590.7494225436168
417.05278747566433 44.40097878908755
844.2021439576363 350.8860447348493
115.33382950853411 745.3679212224458
939.4933043780148 479.07775067775236
210.97911596447972 225.91604312921808
92.88450444993724 195.15566219248313
204.3886107298958 831.0235611449967
684.094679777342 771.0502795129701
212.5070727662346 3.2980686663344194
890.524832688118 901.0781309903145
969.8318361557907 656.3305944044947
863.1359275342182 103.88345222978523
190.82598797280747 693.3676164830327
174.88014652999783 479.30806962678696
815.4960374375102 159.12464088943878
591.2766201625527 980.3760212944134
35.86942656037828 490.10364383329596
354.32453125026984 728.7437735809224
158.33441543397865 337.56658135328274
593.7970944542357 801.3808575563423
295.28060029420254 477.3548441846379
184.0631779611569 346.91019146846793
599.2057932014317 392.03506274338895
349.9327940520809 851.9506927066377
253.43088572606575 213.3896667845111
591.6262230627291 870.9695047608293
715.7909301407922 847.0603385803556
46.81661084110833 557.5649166402873
775.1479556204868 266.19088280277504
236.79848348305 890.7652051269491
825.2963563241723 157.20603600847926
254.18534413272343 576.8427221483565
386.8095282315498 328.4008221470549
841.1417524377365 225.3062824393055
314.6021579681164 550.8047892123121
480.0065493532498 547.1496514280344
317.45918961236885 790.8241389300098
572.2653406871673 4.097380251288141
385.50983582211194 115.45423396252741
17.18211127820901 549.503291321759
472.6002710273219 903.393536781343
18.001535471505512 844.7217180516421
312.746466274305 379.17942964592464
741.484582555805 609.1845533753121
563.3243633089296 902.5054386434431
535.6422208953145 568.0823912340729
562.3815030097862 891.1681066852393
770.8829578371337 798.4608742219386
863.4305470870625 733.6313824207797
11.392430421680032 142.70881083480657
368.31235216583525 555.9848131541676
146.41348467232186 757.8273178969654
317.19148114809735 248.11153852607137
315.1979171632263 799.5342739558038
614.4752450840051 725.170455350822
944.7524422604337 702.1721018544881
970.4227184243504 3.036719289218892
986.1020134410383 508.55086813287795
120.43714672266248 300.13319437631645
482.6467350815112 228.2727443574405
947.5117420486935 43.124866490089175
933.2888727494586 258.74833386576887
678.0255442048309 350.2372009322794
523.3586141003973 490.0288409225515
447.0622937625601 293.4985285421724
187.96892439131662 832.7425446770368
436.6519355213395 999.9954166485062
645.2807823526385 557.838047471115
478.8111353127581 442.2694551492307
991.2626727966597 17.500474785987706
484.9854679833535 589.2724590761021
182.8782497561825 28.521434329271898
314.4726735642629 441.8365154881548
753.2395882109591 442.5673063139158
726.6328519180922 360.4041688346157
400.1130523981352 202.20421503402153
875.1682099848014 7.803283806986805
668.2678407862498 487.2026429644203
397.4810364547138 176.1398242898009
806.5081191839056 392.55845367291886
528.0959977370374 744.4214910407421
21.83125968272648 947.8311021154725
822.3585121238539 22.313365788321214
776.006572461358 186.81376216425383
15.09806982204509 775.4666490810879
473.97003662405746 407.2146769500847
258.67186867882543 299.14991559634973
878.7826635509124 721.9423751388321
485.7804312918178 9.451964346122388
854.5010414238775 496.75213311167545
924.6737038299673 155.11379400734947
586.1606968494372 293.4246659842188
857.842690733202 418.0869888473463
255.17426147614043 493.31228761860035
560.0179823089265 367.20420600728033
258.7979422732011 863.0017077794008
977.2734185672028 956.8870285425212
453.92144879362917 942.007142329098
116.25942524210065 521.6050746339945
578.2881206757256 281.8206223057639
301.0674340259225 6.839824226731017
956.3534046309193 246.31130990918913
424.9528727878306 498.5950240557185
832.3415737645133 295.3793879175658
75.12140520862143 466.0354278927964
189.66200762783347 416.9337269465193
941.0090584555425 515.623832043188
713.6981145566272 646.6773486467006
229.96385232045756 870.1659611767075
634.0831696405253 420.8482486248758
908.962924325941 232.4618540492327
542.9293329987684 843.9772385081679
466.9758118355231 170.80099255471492
927.0772945828049 821.888978041338
549.810863436389 672.3281052710294
75.28603241686427 409.5855072734266
257.7587061731497 50.345123050193564
225.38302956407574 654.3169916360174
116.07295149535268 962.9039573942357
301.7476086737142 676.0569032390745
729.3050880332353 902.5841504162694
360.1010550098478 720.7643808715716
912.7366659487533 151.1380246355133
904.4290700514472 446.22952556333195
657.6292286626563 857.7255000320739
569.9636061936471 755.9619661586439
631.7380577045573 595.7490840239435
276.50241287979395 83.49687539247441
42.513137242133126 480.8398661733214
847.9466293284831 147.65701294634636
597.6368660878678 691.3327460988778
266.78826699376066 848.7227979747257
986.0247347964524 22.6098189502979
186.38018269030343 156.12719421522715
772.1417285973621 927.9785943048537
59.1743546783573 550.2058375331789
847.4640603900567 351.29176178041354
255.7137549536006 823.6968238180388
615.1416556603709 540.3036210198285
847.0167144368672 823.0991578655747
897.3942702638091 944.7976428889194
302.0925954993402 15.6619997865165
149.90021253009144 249.80865614561898
212.68016618508722 604.6922300675412
943.4129872999766 571.8024108241679
298.9013339946015 284.03043618032495
830.0684518623568 854.4635938450592
372.37414057138005 621.9606266116368
650.3208285264678 540.7837441408872
637.4311702686157 495.48268965160923
56.173046566034834 669.4279568925699
696.4402372662557 957.790130629383
527.3432119397473 645.8999930837872
891.8267404212397 414.96082007162596
439.2356441127382 72.81293949877943
165.2476125695853 12.28137296875953
805.0614433430198 188.61290067786962
443.46918605770946 686.2905878958652
159.17995895514292 660.3913116136979
670.8525537285818 425.5412878307316
674.7096836680088 703.961123014143
999.9513016177117 901.2436820995547
15.682601887856752 763.1610946010853
324.5785116780051 778.3677709206391
612.4938347298183 270.39090007028267
293.801353747846 698.4462527233101
19.12399163677869 331.6698308727706
180.67274843004876 137.23343603724314
761.5886086070819 532.0500533171268
496.1117829616401 83.53965326495472
619.295787095149 441.00493269246687
36.19584847362711 759.9750701020988
594.4691836753354 812.4517285057728
130.22865882987278 412.0001065415301
919.5207161056519 920.357223310487
217.3005409831602 528.5948986188874
328.233377209689 948.4139034239763
520.6586130354318 726.0230874988112
473.84136586663925 861.0631183859979
512.0557320192871 925.579941190408
815.5711175643472 723.1810715660307
62.349367404615606 386.87909933944263
514.9339971263556 7.032300087897347
659.9723797861238 620.1454871264787
884.0367360631184 27.634337571672553
845.4998138393081 194.14680781036563
710.4038056821979 281.4667714152098
58.387104676910994 980.8094997616693
346.28107767530145 128.49607460786717
421.0564263636093 433.22978533755764
795.1177007994742 953.7777482473109
595.8602044255734 80.70345052489036
153.89912197444255 672.4354913077276
742.0516269332218 542.5633588399758
677.230927209144 200.60647783055185
772.7437798315214 12.026518039633839
417.5497185735798 304.9813105944895
565.9409820787239 341.9175223380836
865.5638759704876 64.85531455172755
519.0767531339236 576.0488693637265
266.003419107112 33.14793035653063
853.0950531967062 13.20237093594978
315.98510538438563 66.6353577717932
369.9626707672985 665.070787284037
766.7748534907156 710.6809926298819
946.6022038651982 275.1821141498447
44.45707370534235 970.0368857127272
908.5867521996856 902.7432788186122
380.99583369512226 274.82914103614763
568.538894802515 443.50419221754913
104.40068679432612 459.62858469714007
637.0282777509223 359.15701079806894
675.185371994862 613.5475429549952
917.863330261697 317.4494416025936
776.0349165913997 730.5922771201051
685.0246802347381 407.1054237455556
262.5729980934588 192.04011264132347
405.0889492267711 84.80976627241532
65.3477947158868 246.39896118829563
16.84350037741844 35.928519749820694
196.63152483328082 817.5461980307855
808.894020083776 686.2995515372958
860.3549998201486 167.9328136518392
46.41857830733043 189.34337671637925
289.47546062701736 171.27813845255392
889.8233627462023 330.90685234597106
342.302261048328 207.96893131107296
820.9065740128354 943.6676984267986
77.78153869395055 986.4161041935133
746.2388666897253 103.59092810090497
499.46792288600506 914.9115593811562
182.82021141462545 592.8428476718677
408.8873004676741 1.0660365369044023
447.6744190939459 856.7322378455053
841.2217968945755 639.6986942554342
570.8943464005873 956.6622770078983
869.7243299182937 65.08753880385665
730.7522617233054 826.7409686973702
659.9966828691973 689.7795032767043
369.8413950302629 478.6118416548246
531.2420240017019 29.697395459804433
792.8163832943122 667.2306360629409
438.8285731554078 424.0706651241165
969.1518124750772 929.7281549545125
730.9785332318615 298.7553537473857
468.4394667723428 840.1628210570677
252.12224303822316 292.79812557892313
941.0966729914622 784.8813442480713
866.4347501381112 170.63823978858917
323.95976575495723 556.3693526948666
257.29784605805196 76.13014130881157
998.0877807227304 587.8882409307106
421.9078678447181 349.6087232427845
455.20384078912514 706.8582908520144
624.975418332908 825.5082479950655
639.5522051646303 871.8625339062895
701.4406175026902 255.58491422211029
23.551730944979642 476.3095928777693
505.3529777964809 261.5821819044817
648.476991465404 451.20779354022886
990.5425503488796 11.217158704917352
815.5004989440729 580.1672445399566
878.4349212658748 632.6550261518385
847.7807978342508 151.66005179512877
119.33943586948726 235.17816399467816
360.8827773188161 316.733700933304
385.7666213154086 287.5448864263249
776.6682474819157 294.785748790211
649.8071939970652 20.57272360751461
394.8961123400485 875.6730082484339
491.3317247046144 466.7693003725015
197.1234269923433 503.3415750067394
159.74655947799343 727.3734935107174
699.0997406399954 594.3289214194732
569.2682257001788 65.95869284978129
590.69899655195 643.9024738659526
346.15473987734157 467.78854520302605
606.5348858402041 103.26418738191367
766.0596595777732 375.40504400810073
55.756725537266625 973.1637006023108
920.6501535993768 413.4677659572359
706.1248599344324 552.4272866069407
734.8577206115156 49.652104755510074
265.3160902508559 804.3237758532982
519.6067999632742 303.4534815386085
531.5110343843327 359.3527504898004
589.5922996597203 811.0333042036107
395.66694847193304 259.95395421710043
101.65439986635639 781.7821407516549
269.4813456575179 170.80166763338556
676.5255511284872 641.0636911171491
185.9027264459211 927.7610089464955
555.2002257750661 443.64317473624925
773.147154296696 979.2481315261648
10.905976971201103 463.5921508112452
538.5300957264622 485.6491541959526
488.62943757883437 719.0010880546768
415.0249806884234 585.6182501062145
476.37881713052855 573.6201128626922
321.31173195631135 612.4876303187973
425.83977599181924 972.5872893713465
565.1792122916472 849.68787949241
134.80917366524048 315.6929985293864
280.4981851546976 750.9900195005963
879.7670053545886 449.16780072315953
729.5821192300747 419.5451882844757
244.17380779115837 765.7706604972283
225.60507361796823 539.1117948738769
26.557262994523878 942.9929732026517
633.8474741742118 881.524430779786
832.1781488372592 420.4831607061005
895.8920407830342 976.3719692346606
953.0427442499191 320.3357876361581
787.4938377456303 522.0173856859076
923.2546704130773 147.67790790626577
168.69962010520655 641.5054284623124
700.1767536566864 274.0245626053135
313.8939171280125 142.56805636581072
766.5987332041822 902.164657158982
519.8000822214942 527.8521361381476
575.0845737543816 938.876760152843
81.06636459133776 619.6577671975729
662.8984445726405 960.5645493948714
895.9190576514629 312.8893101765632
454.38618946104117 246.9396593668961
418.4657754132494 150.58614032679628
237.41444811472968 679.1692536595849
409.58342071085906 128.3128995251659
51.44734182528688 151.4447148447471
954.9278255986693 376.85460310582266
257.06621570454826 28.716740337586977
516.4523247476467 147.07466291333694
370.21504596273815 98.38125847140434
362.925256727638 826.4587077100895
339.18080732985976 409.9897554341827
585.2873139599172 553.7811851562896
818.2937564125428 374.5963093598904
44.291149143544814 366.4951905193952
149.56060419358798 504.1433379420969
20.717887815256297 714.8607232121266
701.9185456890671 211.32630685092613
42.5657645064329 607.4902837224147
937.5259878378777 161.6675323291147
348.9586892001893 614.904552775078
75.48153141861746 772.067464363555
717.123212659029 450.85564631648845
505.58953781936935 583.8916903271569
926.6346401652258 875.5888044599768
168.26773157172227 403.69044723573353
964.2340971703128 220.87774895819246
961.417668538535 300.9364172017511
182.87017404238148 923.5831101838636
861.0567396430383 779.7062437097762
20.22038705369422 72.6472362989028
849.736180894176 700.019593935176
554.798925053601 123.85242877938762
935.2461832225704 814.5889396522616
131.85904900422406 617.3346898567335
511.83599954321744 108.0226273597874
526.6500614398642 944.7579318616415
67.15357387710907 478.06196068948503
629.1901288583626 956.2185476492552
770.335116951486 682.223277718417
432.56763067997986 471.3638032708354
790.1526384454438 888.2539617346399
185.88621150150286 564.8719389145035
286.8531565766351 613.1011337319638
933.3188122562034 833.3555723421262
897.3001957738732 312.63051780588205
302.33892557503003 718.9143168045532
190.25489674386898 393.1220772004924
327.04785631761956 363.9765884558487
7.110197986791467 955.6080419806182
296.6190869319886 402.73434190536227
823.118742872539 155.40818719756487
104.23156644552101 556.3889351222982
265.13088856016486 661.7560173299471
338.46655697507066 892.5902198421305
704.0866907799369 336.19889689290017
406.99262058398523 133.86474285380058
403.9814504235162 913.4938569198857
311.4663278696106 455.4936999547119
53.75174636861746 165.0101436357312
302.9271620345871 800.2143853427316
634.5044614366818 752.1886798889863
538.566515884528 855.2840202587175
481.7393071706728 736.397288081048
33.60276831393483 486.8577938697064
90.69015048734774 501.5601612267826
656.0953634497712 607.2980876332313
682.6385977151594 667.2284908370364
647.8830882119348 162.94499448099066
801.0289727213059 422.2988699225412
171.43262570939766 173.0430070874214
238.44041832294272 593.3745086804137
680.2353517070212 524.9322891238658
408.9488175264023 676.8040519430822
489.4921813885251 536.2774055091654
875.1375451643182 9.721174134875499
784.1770505268353 132.02019272958321
114.99257056999501 232.94753347946363
443.17201116309025 851.9076115939047
771.1439741284491 207.41101964825893
481.01807596697887 803.8594952785762
563.3929768102444 585.7694699532962
612.9274073245879 109.10510010394358
765.1892047789481 312.22004939331174
434.0544403929726 346.9315682881434
645.7006077374388 426.01275778351453
970.6243700420163 0.05129940931336563
561.3439730114808 677.9761124770928
908.3700105990719 926.0093518124976
444.1212911698127 634.401871657275
632.828614428946 435.71619281215754
278.83344242320317 138.92484333099287
326.40229749268946 647.1049700320416
787.219216641993 230.57266863432213
758.6873001801273 400.0767157482098
944.2944194721038 874.9498689355581
79.42869302517153 168.3106573909249
140.64217156807635 155.55928690694444
877.5588856338139 84.18150602719233
774.1324459738692 893.5530623875912
5.129414904513019 404.938801798709
805.5248008425101 16.744509181508604
181.54804666086622 491.468031557448
344.63552027885936 382.50134129803604
191.38328924044012 645.3675856895205
647.2265164241329 174.17954714033735
568.101576326869 955.7383174405061
997.5000995111361 437.04633442050635
16.4527285149928 643.9985902480664
827.0600166217705 797.180011830693
467.8214532196889 263.1997215639894
78.42621616851531 915.6229307112227
585.7141169854211 507.732299703503
259.6667957575868 770.1037060646655
742.651523379929 319.97692842449953
856.4375477301035 427.93302676963896
975.0898938573034 442.3679231546015
768.695924301549 576.2170260284686
189.59408058425277 556.5012899339201
221.58284788719484 709.3210605552292
941.3384494771526 675.3339700160992
163.4422640863693 538.5558689552659
435.11223112549055 510.1838841064531
508.67504743056537 885.3469395245584
9.358251542288198 121.15540795381075
709.1003912457039 46.68739447577208
255.37475252259466 277.7785321385362
44.7241130350764 380.46321185442844
96.662413434788 606.063995860585
713.2905330459997 648.2790952942978
607.4994291619032 778.8410479214078
267.7200986344943 474.70239436902995
85.17984600581607 718.1580305226121
201.5127092983856 134.38099581326102
906.9511347185259 21.69083383859871
514.4223807698888 762.2808960549547
0.5393613793326368 599.5174066241697
904.1853770704172 997.3276951241535
336.25097963543527 813.2812682514701
824.811713770195 16.02554763954933
708.9928924532238 246.68077263270004
27.924657625362336 890.1661549443727
220.15275625617704 604.384931469851
360.86102909307505 211.52928787517487
292.1342637220834 135.89058535475684
533.7207497826417 966.5156881475857
752.4428881300722 411.5001081603165
287.2811452980887 714.9419499496241
509.5694014282014 239.5124508239399
894.6674372637576 229.76627943503502
609.5201682398883 6.88468004438203
211.89825920404138 888.3027657204905
9.694604929507133 750.0352174130353
555.9010483481661 270.52153733326
235.9116044295636 818.1237946850928
533.3185725892354 616.3203151269007
198.73895355553728 78.05769474141233
569.4052149876791 21.19264003364185
836.8803811104768 228.6373124555754
293.53708144868784 508.50685885137057
928.2271653663695 940.6685462262842
126.33761834050028 406.6491644773136
363.28260570113656 220.53360375254283
383.1463068501306 780.5725655183613
411.0189597338536 606.6254300145603
959.5348071031594 19.833570982775605
23.82854340497742 551.2157059989042
196.80145051047626 68.98648954590603
26.081515831560708 614.7397498793792
838.8516555810586 201.2451210610492
109.90520994681252 905.1462411351132
86.59808941068903 682.610161114173
922.1509522929127 531.8732919837311
631.9914659195093 151.19978464887186
168.11591411392192 712.1771403963118
211.01879571319859 45.31027928888809
580.4393381675267 566.9527291156423
653.4830802702977 953.772160273925
805.6936569752294 573.8507335370947
627.1047292445714 333.4566156326386
746.5432423916221 107.4086184746249
274.4611786790113 641.3259718331803
663.9440466797699 489.078107739921
723.5087154674442 562.2113436705032
391.71026484730123 494.4449565702466
15.90598690713163 678.5389196291954
344.874404739906 320.60136042422215
342.0858636550189 624.5163113249602
613.6197722933856 603.545403222462
597.9989350525753 494.8287101157639
326.16516228474825 193.64553943352436
185.67799232296056 36.684136410391474
636.8338724606899 46.622797018110674
668.2500217961137 944.0859153378822
149.63967829685177 768.1669916751836
359.74819230348186 394.49959014807354
323.07527427750705 62.21770913476643
181.05352199489667 820.62049396802
418.3889433960999 576.104099954564
145.52175726355222 793.7376181785476
851.4878812536708 410.15287395318654
651.3282469359295 810.2277664846848
387.7072937332608 865.0365702847156
352.28968539214355 719.003949942199
479.0366393291021 837.0491763143181
754.8983318690574 505.28023681101433
184.99541229261385 639.6598827127301
846.5309895090343 154.80477256480995
541.2027469855248 929.109832676431
998.2711848153956 362.75171606105994
943.7867645178761 842.4808220746734
105.51022048575575 922.7516957903966
103.13056266274035 418.57891541491796
430.46856382018274 734.0797011272404
387.05409573811164 865.1403217406621
893.0062400655305 498.8081637231292
921.3823396298932 260.280283825621
619.5670962710298 345.7723519979186
