575.9237317763362 669.9976600998449
898.3565136232671 223.52152967096416
774.1739613130416 580.0699289416325
483.7844535202962 174.29794358609286
92.90250707297965 998.2127861058154
949.0238664641464 705.6539955097504
915.932715221367 40.64001827714869
931.3440753172907 389.805181648465
983.545756004656 437.910748069828
999.7135879097444 400.39812188672306
270.06112811499116 724.6040352147251
74.91319920370366 551.1484569224501
891.0393322923352 371.8311750734461
512.1596763198123 925.9521487516464
287.5736185851524 362.2498774071865
451.6178882152604 430.7011802097315
752.5206373607859 32.440192557026016
687.6856366126783 875.354467608658
87.15298498585544 488.94700672975154
359.6947346037794 129.38559533209116
806.5984366609046 541.9893450223867
224.67840175165577 484.54865150216517
848.565020197514 894.7820041129122
137.1136721702706 605.9745078067883
182.2323282277779 276.6104544150839
631.0550710216697 355.9294981543627
62.82335918477666 314.2452357208799
176.83369094875235 334.139396520276
932.2535172610212 198.97713152798124
767.5033226018433 194.4012515622241
127.38627460237161 625.5002288484469
979.4735504055566 669.2765822102367
624.8079134892968 54.0646449697445
547.2772706359103 762.979305197561
24.666409271193235 78.76670398331154
794.1778625094796 757.1422809250163
856.0026761143326 572.5390215021467
968.3294380416826 514.9666191732304
72.13463178724288 323.3486900433644
648.4605439799974 66.3281343140506
297.0379010991799 76.30691092645169
903.5607866247881 609.7359980568897
982.2995926815179 252.83882569817538
817.8063741473532 876.6082162817198
139.104165814095 130.75727558728235
324.9693192757196 269.1497671691855
720.8437874138465 938.0302663335998
35.81223304864323 305.1889364948664
49.327588551884126 138.22620670624218
887.4790393532156 681.6477183762927
901.1978451797966 167.06732192048378
995.6490616675112 702.8930414420931
1.043438301060906 17.216218186337894
48.230370628880024 911.0348706642708
703.8338125607521 362.36614848883977
943.6258581712568 502.3088578635925
591.6796617160104 361.9011189337974
147.11305548626342 517.0001027696699
558.5591286445429 893.8365961167311
415.63710223025765 849.9362102176207
711.5314446288987 726.447777085428
124.32326804865845 844.3971062963035
78.09223201007698 57.93675220207262
417.2745114915776 604.360119749469
676.7081973942618 928.6861081561053
800.7255799492272 188.3187240432035
981.2011162237486 242.09111156323394
598.3848873701078 532.4836497738165
189.5341484662386 517.6583248230584
896.8016569787403 291.9959506103186
993.6863479357781 44.00380037794227
222.8547083599559 785.8509078787703
739.6837939383512 799.5789666260557
215.9663615774503 884.5530101842613
965.4891862214236 365.39818038714435
984.4032354800097 989.0918900374434
309.3334246986993 66.73672494841387
668.0330574499932 215.64958740498807
692.2068909499243 749.7137313821003
969.1650786290334 522.519961268539
495.61001618337474 923.8694399969055
58.60876891809619 794.0413654453954
179.29565766044075 483.2919630844634
315.8436382869355 830.9135013695983
413.61891844780206 856.5435757181285
820.201088147537 787.0906550098762
337.24288674824174 229.58223208587913
374.21643839279153 840.5128307393471
993.3310280417802 436.0691842909664
110.81754991935466 788.2574413693706
345.99018556529836 215.89874557027645
412.77401070542055 816.2637585482817
533.6114680038004 805.4818672983756
955.838957299827 909.6032217348223
176.88770110202867 242.2602458835754
176.27302610213158 241.3389502303177
626.6704500098335 341.1229314826467
358.94798137624184 406.3377440197402
10.461681043250293 31.843337299020448
843.9855193859566 550.9684342029002
816.2176669893296 634.3487618996345
557.8940937298819 290.4409373373864
538.2763600539872 692.5809415922799
189.4249701122097 802.6103032273663
602.6017172580657 187.90097545455453
850.8761622638344 640.390465658258
387.1710781609681 309.43692573090897
992.3307507285606 614.4931165814751
658.2155285009771 471.4685489981959
669.3241043331692 564.026606377517
154.15431668132652 936.8882467312859
3.6921441237217634 954.5610957087977
366.4492454017047 230.97280696330935
822.8605627166477 21.585607924352047
790.2357001253771 511.1459922637439
14.593076800484827 611.8534481535288
47.47161630721752 196.107110920537
92.2240356304097 965.9327289740265
321.4771503360744 451.64629698056115
829.6590603408483 432.3488900936727
484.1213352736652 580.6620242749318
595.9348510058967 507.0262698567911
145.54465107395987 971.3425802027558
195.88727131213767 651.3068885456768
611.1893525300738 20.167384700500392
606.4847531307814 57.64367206454391
392.0417124526614 365.33039041415196
987.6412697324379 904.1367457075311
481.37388537752554 841.3825716238775
741.831991064064 667.401287022058
84.90564325645799 797.3358328120881
198.59145760759577 747.8255920279928
871.1885092610831 808.1661554854078
707.982624770043 2.098688857986475
95.14847305361518 353.5991559358757
541.3827106028838 774.956894756689
140.10569433145025 738.2561341323573
18.439573303867142 675.4190205837536
122.22284982604326 383.68461518340956
705.8101577017142 652.3504964086952
206.21598096911453 635.4921591393633
366.3005456764754 890.0165389881868
192.29516481091414 397.7477943562704
576.2845940685611 666.3553950175702
751.6848392129986 232.01081584981887
574.7862967752411 595.0225123798695
411.70626752769334 39.7916744070701
959.3687329364739 606.8267947005069
21.287889854103902 84.94538228503967
301.9800881978072 617.0010462670044
963.9016427066131 906.4428465962188
622.165357053248 71.81822862764564
827.3062862670134 622.1611232643284
925.5599528376238 471.38570053412343
588.112060292552 230.77877925225744
692.3390150908929 525.0205287883699
624.0628676845134 781.5576119380115
283.304903848992 811.4282422374332
28.065892237516543 700.7379004213776
720.5519584740106 687.9784968006957
765.3809202411023 138.4690829224988
195.15629194935536 721.6911351856152
189.0144425318161 931.6431895334412
956.0961800985647 99.1165807699953
308.246536470257 665.6942123818918
942.6155485441927 313.11443242503145
991.3515065388646 362.3708839079257
636.5023025507168 921.6050755448423
975.9556123691026 520.6866645213196
131.25960058863595 326.68878455486686
159.10848373196384 594.6954924160078
341.90688672456514 332.0976968907995
144.0273295321224 504.437255944144
612.1552915287176 702.765699377735
431.60616304045266 445.34228253795794
714.959154317626 72.37224809561404
962.1646473774946 86.57954672478996
387.95396757650155 323.03608780844337
936.5444825518316 230.27852998960375
97.04865784998606 995.9050134598049
975.5436157147888 141.24971709992516
679.4473922986456 382.20865622954136
712.8115988440888 50.77483871806842
881.634958741191 691.4108430552645
858.71244245954 788.2320245396803
578.3664095429723 96.41924727157014
621.2933665291591 100.7676639783478
635.4605118146774 515.3795855576041
125.38180636847207 983.9211843893775
962.2035251331766 705.4023539305125
131.96464523812824 265.05441334615864
288.428256348062 615.6404386540906
927.3874017549484 756.6330507998402
596.840715597539 975.4559909567471
725.5434675738892 527.8522807303634
942.9248661699382 777.985387922967
306.10610820087356 230.79448665133884
602.7634928007376 660.2315433087768
897.9895821194102 961.252106284017
103.37113656975406 177.88293860755456
509.60715220423805 834.5439109479536
710.6428829219212 626.3792317136539
6.128412477902634 313.09849923372866
376.78063188477086 369.31342293963854
238.81916949078808 335.2738817739849
982.0661325812963 601.0810758976901
442.6817452673704 463.8275686804463
945.1079597719723 92.75725879888796
935.9948851063017 597.6466891991341
921.1976738985178 748.5021966950519
878.9864637173135 271.79322371987627
360.1676693690511 734.3671219878458
478.7541486545981 208.6143534769862
153.151571067076 532.1917341008005
563.6824386243911 576.6137232117735
461.90544482614513 518.3555047667899
892.987079050666 363.97432329848345
94.85643633557928 570.464870676489
915.6509752711995 380.06930988644194
470.80234554329513 764.6289880064468
947.8980487034578 660.9920682792448
294.19458187251115 441.7970213080383
899.4849355155562 474.0825420624575
555.1938465516802 793.7001110069951
746.4723732564414 691.6217486837133
363.19610483271947 647.2614328548443
921.7720156108297 35.312135312209335
424.2844527253423 310.9085165186262
674.6462207336222 580.8563130271757
681.0694560353763 187.04153036132166
236.47191898509433 955.892203020757
747.6395285027522 351.98238167196916
322.4617626813182 864.7382885150242
292.8496887605679 458.0492012157708
97.66946333319704 929.8473281949861
451.93536267408416 121.97134296707269
240.48814820862697 352.5624435969543
679.445722007416 429.68031667487116
147.98404087454787 564.7154821284297
195.748715032781 309.58236561350293
644.7900180430612 867.8014609355923
324.8676284563737 304.73865978694516
780.9172401627247 37.909661862996934
573.1673487350159 708.9496238092197
433.7245343850651 12.286269453827824
256.4155124465983 122.55964108868334
465.41974120369713 67.34934563155815
847.0024449883443 230.86976029440464
129.84832330292184 348.17176397841297
983.6108168476867 11.364874250926249
270.9586589694096 215.8934652370781
262.38432195676677 635.5337035266116
610.2155364197632 642.2195685946808
511.6519296104829 46.87897069645286
81.36648431643401 799.1057933865675
241.52288349471607 568.786269252381
738.3482125673539 66.92892240723613
355.174548896634 924.239945740336
235.75331148649127 915.8840202524525
10.413631001324642 733.944985592011
261.1603324228763 503.04687443489047
728.0988042314705 900.2340811857529
584.7629722073282 371.48403567782117
458.27085027199996 281.2090927411438
584.1167244516475 337.9893208201137
335.3438533502109 712.8869871031013
200.45493693410666 512.4702964173738
280.46918661827357 746.6901787576008
287.9079693028339 404.70363149701717
442.1915573012951 435.44165557124313
228.092789514303 243.12381718228016
705.7745421301172 123.09569310977164
499.9228409607053 955.5047198731061
147.08015464252045 471.7551373500176
618.1207111331825 742.838940552251
358.6459479359483 894.0965386846672
483.799260435141 815.4153399217208
33.609514942045 150.14488013200688
726.6092790117456 654.0400594445781
57.38950179670954 114.40987217323139
60.335114029414385 109.54211406311553
627.5389892774798 622.715949560761
22.451680438084875 760.1496185668038
598.9454650957002 867.6286786094751
723.0402025416109 209.018292297931
334.5592218782953 27.200506939594415
389.59165505463034 423.13872500496717
831.0899895401544 683.8289892107034
561.6106063824833 790.044947136686
784.6191268692818 118.34087657686776
762.5645267525405 300.19138890028216
562.8327688019201 748.9863455483026
356.6065168992577 150.5612397105973
758.5892526992543 825.8470029971623
83.63233262191572 109.01392553187328
113.7914074104004 988.2324909550675
458.6150945596802 179.07555846489655
123.04287977377504 445.96023446129016
819.7945220677979 461.32051740668044
553.3245397325891 354.9836463293763
315.1793521317515 620.1884861949217
448.9360515243432 423.65400205654555
527.9554794097933 34.02629631080478
930.2040815714296 907.9717163206429
758.7744074466018 531.3388678349304
239.96769816830755 932.5032041402748
206.529769380577 597.6793984088242
43.60852055745834 508.2094328790633
419.1123795514367 75.3042700360379
946.4012545576287 709.2530814650044
421.76699214046596 671.6626594413557
556.2182462631536 217.9209386162827
873.0571312789727 42.987246504256895
190.12896862365125 850.1192065036897
447.0767076390647 825.6969320986133
500.1940439039846 733.4689287187056
395.43009478739464 751.0182158473061
876.7600559468507 525.8496628759707
903.635487304523 897.1767894777885
476.82034115145245 434.3095781885946
423.98853955944105 208.70679058425924
120.51409812439162 822.580509402769
640.5567391559262 643.8699037980064
100.59404134947236 880.0066488261627
101.8573629524585 698.8722076045044
157.70089261852848 165.5162528906302
842.9047608223276 601.511631690484
488.5405550111309 837.3357717598052
510.6957553374546 167.084676378348
674.5678313837174 32.46598458888761
605.8343594679404 165.82573015919732
845.5380938551671 169.51051600451393
457.8801104916277 63.848392063279306
225.29642573740327 914.2669416739537
463.13723233667747 168.50265257329454
446.43147418076035 169.56114199807303
930.9841235004736 534.2578882471987
665.9288089031933 729.12629026485
608.4762457498783 466.6665350510786
565.7168291161032 169.89737492359524
582.8375436914961 99.65857333017303
780.005766636153 147.91300308298605
797.588977633769 315.3623896520222
155.57818596669537 510.08680457315546
860.4449197363898 225.84311783544086
521.6974030304182 537.4301737748866
169.7418178726836 542.5943092628322
323.05759877148313 194.87946425011828
641.0452903536639 422.31463350877965
552.2078354566702 478.70002099048537
476.71571589311225 796.4464166608647
907.139531522459 824.5106499503313
488.5942993096054 767.1479762208282
995.2348394651473 67.29200619206921
457.60496663215235 383.8174445972942
706.5313386180376 629.3124652645581
893.9499936233551 1.9805084122518357
587.2661728778694 452.7259234057248
347.7102211529749 470.3004037118574
158.92056035756352 690.6659222743207
112.04335899090123 591.6634072271805
648.4934179493653 323.98070526533354
759.8069714998524 660.7384709907334
522.4906788815942 680.324583072428
459.3150972029222 393.10507014164665
550.1247802469287 298.1406172964505
426.0708674187122 229.98848852415367
860.476342937955 700.1409090786876
184.69966231838242 827.8373689563248
603.8781376151159 419.2098008569549
538.9408090619597 523.4230786154378
379.5393567009183 54.22695098258479
277.4379337089425 702.8365796317831
549.4353829947376 224.12659081264553
679.2015383819818 296.70293636139866
922.7469253112492 35.58003239336993
824.9998184075675 74.12976118729075
65.63955562673097 83.00872482685962
569.5665466722068 14.350313206394238
667.9328637685984 59.20532079965846
784.3978852049138 797.7181652722288
981.2158565652322 770.6608479905506
142.04271548632684 376.6549918196501
332.2236716259155 723.7660506776898
280.17346448791136 662.3486507968287
110.79781206223637 476.37542222132043
657.3581267927466 594.4440861730947
433.5102769749166 633.792912370742
792.336129999604 248.66461817605767
892.0399117161619 709.0582727944869
864.7338411966773 181.2469001141045
409.6467486752482 64.48369195381454
847.5384062965995 909.2675940355695
249.5979476938043 804.7102465131346
440.2813706595804 282.38591754008337
646.157458319214 801.1245937496883
76.76620830125825 514.2205413492826
361.7580913453544 993.2959382087439
192.3068606152202 810.5254629430763
713.2337599167105 735.1643232598933
752.8270131871644 856.5244952440848
255.49647741434734 232.03096752992957
771.8031193161606 907.2089936726302
362.80137821959477 48.97226531914922
170.9162337421073 862.0995025836753
405.7498925779637 262.11890427191486
876.4111277081546 499.91651053104334
86.43995364973911 71.31205130364249
485.543920106985 998.801309104852
764.6792863654831 595.969152840917
186.13180258781404 974.1732641160485
284.93582299128815 135.56154472790237
867.1020876715047 529.0047647676774
896.7072748850211 391.92711017290924
519.069579285782 230.24083374313975
350.24937205266383 22.710933941413323
91.35490978380201 500.2854879503732
145.1106028977056 423.5477065352586
945.4890858196954 643.9221065398792
210.67821082218728 821.1696110824337
925.1320358019484 618.7309454148947
5.949308364130768 600.4436956847682
848.4659308667758 701.0112707972919
139.99736576183275 285.41357815422555
921.5071315834399 399.4121533979101
135.1133389354098 747.739826162365
169.412929654401 324.9199711910766
881.3577621147232 25.504394657292373
487.74240212953566 238.54717910487489
664.2682080514679 601.1643570555113
326.7633489120415 167.0111199373533
386.7243473330752 109.51086375044372
339.2804558730591 301.88795343573
751.4807306915428 224.80893824987004
546.0917722765942 379.1713699346405
722.6348528307219 910.8649705631858
703.0647546142709 373.86134325191966
542.3063891866317 308.58814713794857
589.9544280648182 638.1536918027209
943.0608357395646 282.68296415845185
883.4701352532946 61.99595676035052
967.1190934673666 52.43012648934575
125.72999058684131 441.22117262879635
980.1517371037586 391.08320852687905
54.12411833248476 1.1657122803758746
50.46508732273658 594.2293397788455
219.74204871392544 942.6232622647552
853.6437248508579 789.5316717599063
388.900839714503 952.1817706292986
658.2219066041695 188.5927024124653
695.9446477552347 850.4360394713669
749.7142591393979 566.2466862334787
895.3684768716867 939.2636304244749
858.3438801800677 593.4107086447312
347.45194189460096 153.2971351573613
770.0637088378847 646.6938564002132
563.971626132865 820.9210386915776
320.97516153170204 371.28407501981053
239.1935197042222 696.567250087657
402.00521750499485 583.202784274716
696.2296737265597 938.7776874404583
433.7117743449741 62.83801931867183
589.9762239194522 877.4489862650822
10.344169977691053 413.73631784655106
525.2325648126614 738.8681176301633
57.79389095694998 438.95474799896783
972.2342440584531 978.5945940837249
901.8285398934481 421.8441787700652
491.71531881532525 509.938972547898
101.00934272393924 288.95568251394553
817.7482062133241 909.7335705250944
762.9510743725215 879.8317267196346
788.9922407637578 633.2859698694347
333.0900654577583 451.76473510455605
467.6148672331202 376.8517179458113
521.885035770707 107.17539638457075
40.03222910770254 988.6576524693656
119.38215862198743 47.083709965652034
254.74854740731035 748.4525316727816
935.3342704640111 426.2159742741851
219.95671831016762 410.7573692050863
998.5715371063429 113.6111627321893
357.1954841869942 138.4325334051545
451.0792575204542 847.1608117229941
187.24084457091317 340.8747022051035
280.2455338960076 111.3359953519949
410.5425912297136 475.10151549656496
147.00004878145623 564.4266255543033
436.89978276517706 68.17736720245726
88.07252931158827 994.9370224334696
117.7013657209236 575.8790225443197
797.357626548159 596.3536624171859
938.9410590179925 205.19512381881898
524.3804047208007 815.3197041784032
344.34895724918204 497.1985494490864
367.11480646197106 150.32276649638675
175.36424310619515 292.026863901085
881.9150842842635 56.321349043493285
438.3069847259299 679.1502086770415
485.0778317950781 545.3065810955826
738.989294495048 673.8020497375775
78.56061083701272 163.61601849365005
761.1394813275687 654.3936960653234
696.6401518186567 773.8860140115955
107.39470543126161 45.92772240973964
740.8018928082529 972.8504742435816
670.2516789883804 340.87236005680796
546.909433606982 35.76323445289664
455.246767053404 311.6524979755928
611.7112777083071 994.0421395804198
439.77015560522534 187.85985352776967
794.9990987794962 824.8027412019273
618.3013329094736 646.4787493891033
209.2404243614129 759.2707057365252
858.4862874505628 694.8705530740533
310.265769815152 401.63113647522397
572.3589960606971 913.9540118721154
910.5985325557775 690.6943921581337
493.14364171343874 72.96494924783636
451.27361196729396 733.8276443697756
40.455240425843584 827.3732641284137
888.4982607285073 195.92209675821383
855.3511399062749 67.98137887512468
978.2670969744245 235.73583698624535
91.56666880962806 501.92281764276845
575.050502115535 947.7728249788032
960.402768618139 215.22525079199505
799.9333161561469 889.9285102599366
844.1146820049812 291.79772722484756
579.0895362486738 555.4535517948123
16.285303273877116 45.146979667536115
105.23498911002349 582.356388656974
637.5476145552143 56.82310486355957
232.70937605263398 84.18679372585058
231.15542487681662 9.5400251206601
681.0955861712833 733.2122654904526
285.2828729292049 253.11167473480657
192.79290938051696 130.3191865490958
977.5670471939114 147.79019864467324
466.71789711563304 555.5418615110514
272.29010404737807 492.2875863497621
773.3150054179131 408.9420701082813
801.730688846452 762.7073747764564
645.31677136311 523.6322113147448
10.596798350574254 463.80892054419985
934.2006260005694 61.05586019955756
16.085566204182445 625.4711639049141
824.0481295730316 883.2094041144894
515.997452207129 364.9192405721167
102.5195369588514 137.3088587520178
863.4661297872351 479.22139258290343
102.91463661185473 285.47652567142114
119.24750758573943 232.75995990249987
251.79868188570453 965.3420960191269
491.1439659428877 860.8250306936836
83.42991971716086 877.0232628539947
75.0236929783421 823.1745122818364
915.2333142524394 357.7714445947121
223.0264810277487 510.3504932924865
117.82223592964125 427.63815918162885
181.93136510238907 930.7357007804401
58.57858356839962 867.8380997808533
868.2935208303724 887.7808745178623
349.5588989215944 328.05525849277217
776.8407510382269 294.5274721555151
988.5022021222555 549.758822583526
54.753364816652606 566.4970339428202
345.9728684827074 539.665730213182
716.8328765954832 484.21232188567996
722.1800742654992 930.8071218197181
825.1990616684817 523.0620704086746
373.7725669224743 828.2263996288445
212.03667078222998 410.91547935232154
493.91582024968903 152.1566598531675
985.0465531486042 592.8382452726502
618.2163032982834 863.5958436945562
622.6384866562449 357.4574883044346
324.56524956357146 485.5180658930228
939.5358284336336 610.9677187488026
896.7323622779427 17.52978951807782
583.3451335513713 672.4658924980647
829.5475129937535 682.6005084277954
8.77625047435715 8.248273032014142
667.7663546125157 941.5666474142358
68.58183232164738 522.897798109199
691.2238020905378 864.4292479818114
458.9173933828444 881.4353784340457
385.6366848625582 257.03480391017365
261.706285453756 349.50420907573954
471.4250495911121 907.5502907985345
737.7266292630346 807.501604858045
502.17962159492123 939.2125885525124
341.52007252478865 919.7674971854709
689.9097006473808 534.1536105071245
652.8548109348959 921.3850552154623
665.9652652774663 227.67244304007906
549.35874912039 122.84334264991014
344.53300096004966 563.1460211237
481.0708344834164 26.757621946095878
919.8654297022763 144.8403927974733
150.0416436234395 901.038290914117
298.9089238203175 29.204967277997373
246.7472252946451 759.344542079541
947.7549184292295 954.8020291381673
149.96296095633332 962.3541645848003
213.346055500912 126.84468009534055
657.876928013014 72.32655118766829
671.1272344322582 144.38642250737533
885.6050908294783 168.63064759015566
944.8385982507295 186.52559954616422
437.9035111373819 563.3557316867907
746.4063012977052 758.5590482935153
845.7556625238336 743.8173177066722
591.8938326865579 139.83859364939343
41.64536157080645 412.71649740017835
763.7349882879445 172.15513824792106
340.709310815338 696.9061837960217
609.9772509902034 180.79513611224328
993.5953422340056 952.1625937727449
198.0221144772255 629.9844123417569
881.7357174207984 104.05629445991282
673.3566952539239 580.2547120224183
336.8774938858922 133.96192072700975
413.028955240903 137.33889467243444
384.0949000236628 144.44133289499118
209.126466513327 860.5205908235351
931.1412931362497 419.67994579345293
269.2764718195997 532.934686292099
556.8811716982157 34.351712501603295
779.193088987924 787.1354373554251
587.6755320816704 858.2331494259207
136.55475662603922 826.3190185908742
92.97688435165507 254.08228919418386
736.0036280132748 884.9077586291068
280.0224135062094 372.7438289287378
361.8155648388075 131.77394439517076
522.3974609589757 712.1368994932775
827.7979109087839 435.2005900628614
918.373576900588 525.7272931242553
493.2295963141361 780.7479233585232
842.3085843409528 741.281190524242
679.1660484539873 161.51372432300482
426.02893981404543 282.1429753531658
811.1894356128678 444.84645763958366
286.99709941422304 70.97469023232617
322.6921964354535 60.39052141734047
106.19995803396142 539.840385177604
967.0397173161491 351.4128630813834
851.0768021375537 170.7135764885863
207.46623060862314 84.68077454823964
537.4382412614115 446.9315381380764
780.3152828659793 923.7310247904868
429.21029210369187 608.8154435736233
360.244103173356 636.190707626237
485.970911710944 775.6207019778489
495.2692760837727 427.8805294261522
685.6282482653977 321.17701062354286
625.038561558089 74.75146719238023
573.2240669858313 872.0230912352563
47.47171263506256 458.2762689672839
16.72714828285937 934.5364207024093
156.92110937008653 700.7373560135723
686.8153248751527 951.5034305739498
141.26028432899008 343.9231243341296
220.02714115838472 538.7710676350147
595.8169424607464 918.0649401311487
373.29702749079917 759.0659069928367
188.8244178084455 807.4173393447651
732.770803072922 552.7623086915909
596.0734195884806 534.7044330891222
700.9309855332097 864.3265132421151
411.7038493306042 458.72567767106096
553.4442700234687 578.3584696448621
637.5840613984535 407.73452637523644
330.7763773568303 110.59933984006076
655.4830704698528 955.7737423061753
209.50212537642966 386.96701600332995
294.2487191580826 889.971838833266
784.3717953828175 987.6277360605832
718.4627499806535 913.8745427576857
384.5769920436062 433.3075577115061
385.5515865926217 785.2065638616359
146.2928533643001 947.4917408240141
245.0894493994419 896.02862242318
68.45539366038567 540.8567026820176
687.038046437016 769.074928363252
689.866443909266 933.2231732477242
484.9250878003911 66.12712193505999
343.10076741758996 653.5159421625622
125.47176427802941 482.6005265493567
164.32305231581245 639.6593293036143
467.93683998478883 337.0889642715107
168.00536428990998 798.0341569973416
634.4530734568999 755.4351053093966
731.6682682788876 276.0667562954634
396.8894376089217 95.96303823148777
778.1517479490246 651.7154882016981
96.2802647721962 665.8303501596558
791.5548195668734 850.0664166816296
307.62060968427517 838.0274526897658
557.8655908514323 359.944332272934
45.83453418048955 394.3719413866364
182.4363213812068 242.39113926137924
297.9810284579185 291.91622413984044
503.84075446057517 498.0584058217161
62.27026928974011 78.50698981368609
497.28399844215943 592.0070194276298
876.2201900108755 867.8052538738892
640.6179423113504 322.101125856984
24.29182272378261 124.89624846672365
502.14774487732814 761.1298080654121
229.5992305039025 510.68856080461256
1.7983822631656432 702.984764398825
654.7977453476527 686.6222617216256
895.8424585809926 899.6675112145823
464.01212976021776 290.77617179274296
40.27338706538064 388.59540768539694
30.67411171988055 262.2846470434509
899.0413652981765 378.6205306487327
115.39635526866432 313.044657836785
580.7514954504486 488.3711115931373
983.5179927178773 624.0139763738691
411.0572020463473 611.9706196428965
483.7144802532393 777.9720681660649
677.8640503291807 324.88442509737035
567.0723873275755 531.4352213089719
722.5925653466556 536.5898574221246
590.2876575291195 275.48782591055544
993.1308194459025 46.96050202919655
17.15361638938573 938.6122365744129
22.74098678164449 769.7007452001758
809.2625200440156 644.1695385542312
554.0665225185016 648.862263528421
879.8530043816914 651.0044769080553
188.51939315082043 713.419066884655
473.9926058918239 977.7173986041317
8.709892572879575 290.07354087576044
233.79339754852802 639.4670269763002
595.2139533252694 125.91035658751737
9.115558322444151 610.7377626034354
738.856306860162 60.211698356988585
182.22233700208622 468.3255790185292
935.8198573139996 928.6913254446331
389.1073698980828 165.86717251658868
445.2752201854071 583.6009117114202
40.72277038281447 544.5570727673877
287.8566794659104 269.6077678861626
974.095018177459 994.2676998096401
68.19375641113112 108.03726654126467
896.322755629311 145.1078335050151
915.8405791252212 111.01989007950397
23.708575813720213 591.5253307392368
156.32769841497353 972.2770832022507
463.7853161122605 429.37990045120824
547.6943126614283 862.7262156081149
439.7540157876111 820.9824147344634
47.74101619798265 596.7795505956642
414.8597442224152 893.9173440907234
113.37666036891125 829.1579126282215
538.4883534552487 26.53533559144261
475.8152851815525 392.2351126351047
606.2755946232622 976.3232124816352
184.01214529970667 490.3739599592391
903.2777575361824 366.92885204796346
463.6103206540072 230.41066745636041
882.2604928950212 765.439031811829
599.8027443821229 886.3892124167509
618.42054739257 953.5782749086405
619.8969110182867 371.84295608848305
377.3632764520982 24.817434190321897
25.00228262419446 624.3659095037448
434.91562676876396 623.950621814069
200.1435196941127 994.9112677096861
495.3634369984473 986.5197857864231
418.23538211800536 278.20042699863103
668.9582936938823 432.5363266064056
545.7376073580899 720.8208456567284
990.04834415006 622.269559666782
656.4416342921395 200.0362402388316
883.9441629811705 191.44221970174914
764.7230047908679 779.0283224770851
823.6393014454244 348.9930209695302
800.7266808637698 13.234354746086696
656.7627014424743 642.6376171920735
767.3349938431971 707.6399795966985
728.6478175156255 375.7782891405338
742.40117741145 306.33252316955407
979.1615369347252 93.88436174695426
19.61355076394822 733.3147037849939
648.9433000971175 149.28427781573416
217.4890642498004 297.52458614923194
94.96289979572548 600.3821687501019
628.3768936896653 225.20242853937478
485.81342899897396 604.6303163042737
427.9863643963109 489.1908760961729
823.9132013239439 24.160694435652943
620.83575128582 867.4495227889488
824.798497664032 178.79825873018996
758.1515086283574 582.0113716693065
672.9473090252823 553.2492398749746
532.1302782725007 444.80236952511274
569.0808229735424 793.5778922379525
324.1089364118794 168.1924599889526
285.6486499413968 512.6556938434464
664.0704595077952 385.840112471013
655.2106395946117 265.0870256365365
345.04672683065263 973.3387633988432
30.68614298898964 549.1857699790113
628.3614142715428 458.3684466968586
276.94974988340624 846.897718087815
574.2898220330919 666.5012975986681
780.009739825163 522.1337761835051
37.594703193033595 261.50491720304126
293.01396566378725 863.7994555192594
278.5299326016448 507.93296347354567
177.58518028748384 681.8762622512039
457.28725063100705 408.9875492239767
744.4957693565435 643.2310398405361
503.4934414925486 354.0831535324965
949.4498834848812 968.3997464226944
982.2485751675945 548.2378926728119
657.7484766480524 201.41197629224462
614.3285822155301 789.3619462910972
55.870692346732696 511.7937103863114
50.558157091396325 609.7096413782365
558.5129779962416 391.2049526430326
348.9930961425097 404.2059302807127
736.3848786162005 666.7403539978951
358.43368768540194 931.0541106992223
373.0684082179123 468.740471234815
872.9235775596635 488.9763023828404
748.5058339003325 163.0319341626605
989.2718131281044 150.63400984040976
642.188112027939 285.83496682201326
573.2678082094537 663.2209766971579
350.8745780915046 204.1473356121246
120.14252760545374 14.916442276676767
223.68185989363388 565.2335680620861
580.9614911026573 209.83143059819466
831.6380711884649 595.9190332960105
919.0182994507758 494.2766823683186
909.3058981416283 965.7088877573351
258.93018615810183 133.62600183747887
632.8361974390359 237.32146082272376
496.0194499887508 851.7437137294381
631.8217802299796 894.0470220569982
144.6982821332341 213.89077312801007
371.57795334731856 555.412309746769
21.95666773490368 559.219084881557
187.9855407711132 270.95191275161415
85.68574034800413 570.4089608557871
308.7886712145507 716.4579604012174
377.4525129028242 205.69995599633418
653.2481517677282 707.8995285401531
555.4741242902243 512.5106074569156
66.30911523026816 695.2741145881758
945.9224297921226 792.038004018116
913.9486810862452 801.9729374455128
389.3232690030767 690.6733376428294
643.1281551230533 534.8131512003353
413.6969804483061 56.764992914976496
992.7814726095332 505.7095995990024
427.2194710435771 820.2057917476369
31.529578716033125 378.0292378336443
690.5665845773831 727.5167434041977
93.31832850924194 778.9921388339279
802.7367540783445 496.5446677434806
983.9350985737036 104.05244379270596
314.0296818942584 842.5862567467847
539.3673632567628 980.0137956490352
865.9924261816117 871.6969330438568
731.2241811404657 650.7034016390035
950.5258179545608 537.1376002970941
34.94927884514609 702.3498274324994
978.9780890210553 211.35818979484654
703.31226926971 355.3793380004562
856.9348900239344 938.6117638875897
920.6726786869343 15.166214969414614
671.5473820516042 602.2387026201416
552.7684661280937 896.3430431441597
415.6237485606298 65.85547633661115
352.289624145655 313.5965909461811
896.3415846499026 329.12797566226857
32.25415451629709 666.4459055046104
106.32135361252226 876.5045562376207
577.2124923723893 236.31917415783855
370.9347988938424 691.2295592492496
526.5635376345163 661.3163049977873
528.1038232654273 857.1528682742004
734.7736150766403 357.36448357071373
245.47920262049016 277.29702518316515
290.0475827845611 214.04446896165186
334.7705957955793 800.8381537454591
856.0087494523368 609.1852210656556
584.1324009406271 969.1025153083757
690.2024359932012 158.39536022491896
196.89303521256497 666.37602261296
988.7457491294892 644.0197899182241
398.54747760193766 192.7689141145792
8.203662388757916 252.58044037433913
153.81642617409497 664.0733534020867
623.7797769449755 590.5802939487221
221.7074689052584 187.49728100045604
597.1675814812637 945.6199298764083
968.8971722466429 962.3523510160534
847.9160325222016 913.0967153664352
460.385330952503 311.22037688624283
448.92086591366933 818.3265049812956
351.25574861256615 659.816426839093
899.6614333106625 329.74818329619217
14.510474730162425 652.7136898329887
470.05962068035643 280.9420158120004
157.32730515412163 917.289203341092
53.34658715359819 997.5126212296809
901.7234538970552 469.6954425573464
18.079416854242414 359.45802400549843
935.4906274771844 394.3582024409777
7.459085252838005 420.4663037878208
875.3998723296481 222.44626379333477
498.3573105542185 652.6519603757246
427.05726984869585 384.9536630243574
202.96947595076765 788.5642012546933
274.4246567093688 222.4805949857913
72.76698591808062 791.86964881109
886.9015005554244 296.4948142825159
747.431208968835 703.9325901152672
592.9982603941263 165.8001044850188
780.7088202224973 985.5857212048971
337.012791701678 367.1338193002767
870.6357689614969 501.70515823470987
508.75568308814246 70.26129248605383
623.3354362204665 480.7732433260573
116.25182922967825 765.6294547895067
87.6041017605087 622.4337625365548
357.47976079360313 386.5879388616718
411.75439827677576 23.113428227961585
339.5914995087541 468.3811809800271
494.69588744458525 743.1050901692562
292.69012464828893 302.55973521694847
429.98916126429975 648.077107280199
130.12382082648443 558.1553471897479
874.6176667517861 623.7947460968542
618.3885753275421 509.9086399335837
213.47981704294094 384.9090514878101
737.114387886655 839.0343435479758
536.1111440016577 876.9894742108947
33.24272610014256 953.4537983429077
993.9042780974713 705.5462394880603
903.3854243070303 912.1201836233948
64.1027997043544 116.60941487893962
774.4887878763212 332.00669345564427
611.101733728722 800.5015448690385
95.3085418352293 106.52391702653807
406.09653090454043 193.7610538727459
899.8347905439394 370.5773470356126
942.8793685516684 13.744050958767184
458.68875576111856 910.1716042296065
970.5897148298195 476.25254952461273
195.64559821879945 133.41318429137482
153.4836646047959 18.607070848361438
613.8209222992411 794.9587667635162
663.2948981792298 378.9024283311031
449.6909307487306 897.4016576444938
311.51734387951825 566.7553266670842
652.9995290215031 580.7840077821268
36.94767898490736 601.6730303788322
76.73757773406031 355.36781816531584
178.083652553646 892.2425074338624
953.7636523141476 732.993351075083
980.4822159726511 782.6598959772075
335.2670844593414 168.7982356087452
215.93857435109888 102.6902795235044
671.1578564770468 237.76658211508905
623.3559381828755 522.968333311779
623.6002971646203 139.5223438822175
120.43297978566203 139.6202596448245
22.29043865740854 949.976476119375
380.80409256556067 990.5085000641185
593.7097117749906 519.8827395382083
423.0252465569182 139.97001691833577
726.4703828317946 558.0527257023978
315.8059779821635 559.740186657821
71.00119978123243 230.92520464968004
968.1461864928017 280.8242935757508
214.20412155474477 560.3812072303742
243.54370449378283 194.3984776143538
18.34621185247265 8.14031693693018
314.1970601760653 439.3931292671407
468.33343143499803 897.7704506087558
254.13493148776544 530.2316351405406
32.645667795219936 744.287336547857
359.46231348342883 250.2673557916746
610.5956728163146 136.51601866846585
579.4207886004953 864.7826422017248
112.20678990189992 548.8319864909466
743.7180332415402 391.9836464266899
596.8876474698296 346.59434050704283
979.590216921718 511.2451159030518
683.2143937770497 293.52928550957546
826.3174507547124 184.92953451695092
634.514351830161 69.51727864521916
75.42197169104404 223.42545311600492
123.57733489075251 663.6824618010628
291.5347511788855 832.6201906180752
184.70377292233843 20.378460265014887
301.92557612604867 648.8420458325071
272.43200492708144 984.6096502614542
681.948450441557 888.3780359576583
663.6691460728032 418.622868456715
409.1624154385453 16.99295879714613
663.5836432323596 342.8491259879862
410.64559023154413 779.4463333075629
205.4996799905161 92.07076099371159
686.0282532278711 519.8234507922161
471.16690294558816 771.6346798626652
53.02794570309677 470.5682130105154
100.16138437826139 748.7272113969037
332.77851576995545 91.4242031349134
405.8069661070726 520.1722391262006
969.0015336711319 599.0622529027343
769.8886554828931 60.90863038028016
658.077395423009 543.9920018398271
49.56235675495391 676.2490630942417
556.3306680961674 663.4258389077313
397.2486645265474 456.21734637254065
26.35212611918547 267.0837295554838
367.9307090527752 661.7065349687721
685.9379027897913 97.4976858133354
568.1589138549231 759.8956404592822
731.2338025380213 947.1951380566022
387.1988257223029 370.30815556809335
119.93087717124872 312.21063324836894
543.1400578987171 83.09039639699311
220.86573085255324 14.69551817114012
275.41832107763463 967.5337822799937
963.1375614681709 36.96599951347823
20.084480444188202 601.5596641858364
350.8608242049521 775.1496112639177
315.2876847459177 621.831279477278
448.9311183577085 542.6609733609982
501.82249434093785 119.35232020420294
590.6890978577978 432.05800581577034
507.222693670057 686.8570036798645
610.1253335487081 578.3996930790016
631.7670947271347 561.9921596449211
359.27663561680276 458.047162054341
790.8958818188665 104.23637165901289
635.7223612924156 103.92005176795827
110.91843899627862 793.6976862124898
915.5971197240108 21.540449736492494
123.52652581346746 46.37556968943901
964.2935659589936 149.76690051689533
59.50964768740208 403.1687187543841
480.0375416864395 425.94145379716065
903.2022656773188 68.85585331055533
414.77509390862656 387.2430550681353
936.5747940489999 352.47107233521933
512.3188062595825 768.3605678861816
475.51402008435974 291.94168206711055
905.4590536520498 240.16945568033375
380.7206243045235 633.5508879122406
321.7528833036415 274.91639127823197
711.7847416179432 380.73371390737134
561.9619310786918 620.4856846132218
585.3830626342428 326.9092944262152
435.61768911848407 19.643195046575855
897.1739768888447 343.4982389852458
264.9511550001744 619.7219599757732
71.84991624144443 706.9692084341957
401.43079318164996 984.0354290933744
416.93899309186486 417.7039508846244
938.4113429298083 738.3739966257159
973.3307972648627 288.66517116506907
948.9033479622418 664.2606476859598
979.1339515615675 563.2977020675606
129.23122430221568 485.2121136324338
193.35587807099242 959.7875587377772
687.355479296052 683.072398786537
362.02831458976823 332.75008941050277
678.8926741961731 428.55536059298225
51.78425081901783 593.6125050073861
764.3742444221192 113.45379172304038
924.5257201961555 137.40241977265444
538.0431453374437 31.542526601005317
281.7036344918761 786.348656712047
161.49565593638826 471.02345985196325
367.864667576851 179.64616223099327
24.73241735463605 853.4307818065379
490.5022673414183 613.9321525400923
552.691781905118 582.2348339265624
486.8820467566152 570.4661016498981
77.09536084678913 948.953509892673
448.39455657782844 552.7008936362462
901.4442788326787 785.4002714579034
899.1211010386642 401.87872490301123
301.26168738978487 547.7684017820452
817.6814648122985 958.479579122578
222.18565829902838 171.57103973853484
990.0646546121302 793.796540325222
865.2738838513884 346.0272273380782
186.02712312673074 748.6064474933089
181.8894278946721 822.3044966505806
562.7753056698367 184.8503161978161
539.7949801448513 992.0982883187226
517.0326577300482 181.43342842709853
467.5904147189741 251.34983200648787
930.2234248470038 386.6996482720323
436.3867303926893 598.4731407109853
381.38889143823553 877.8304596114069
95.61653872949594 507.2834229715769
438.58450287136264 171.3640134974267
244.14022170901774 361.8884481429457
581.888541859245 479.2255315615267
88.31326225184522 644.1252035695334
659.7869033021296 411.1046678062207
15.439512923798638 623.6946215567856
35.579897894853715 586.7116993166206
194.04187117899875 516.9671092705694
741.5914971930964 40.389343954356114
801.640011983578 952.5021142901062
26.342574088863536 875.7520652018135
576.2331196433888 109.64522763139261
653.4840343916073 359.4706213604966
689.4424700235508 81.13687128687097
191.16709346573558 531.0143664194466
647.2771329203964 851.4863956117443
316.6620784859714 449.1093502489908
38.74414438333662 779.9362113671772
853.4191293570453 395.86597049286587
473.03104819247477 630.1609415918714
856.3971142439193 715.9742032037145
972.7483587385942 998.4160824836499
566.3701345081096 481.0610538868849
423.72554870286825 457.67248407904583
465.05364710407116 838.2490121102884
421.11331971686195 857.3413190709531
980.2749867964964 727.1506252672615
997.051674070603 996.516388269949
614.0460600252195 630.9786134162993
266.9220663702626 323.22983396562597
396.278521415799 165.14717617391005
989.2089356358442 403.0376508960045
603.014950397845 600.684837335282
398.2542256089466 647.3223963544847
620.43188433019 869.9748217358645
439.69612705787466 195.02001568415207
684.5037942790555 208.78386311298948
715.1411444941073 901.0486674584754
981.0998094433352 351.23643853123156
25.62619431091995 100.53714201420894
252.4173551815615 113.33577876958134
392.6856908926304 190.021331674733
623.0405365981467 275.82892299047126
831.346041210011 95.09721932338111
832.5431242621353 908.6583199449027
951.1276600928629 378.58913644476524
441.43913757482613 666.937712367793
669.1430145917208 84.11243843493621
863.4170377768104 132.3352462808718
933.6363396538821 406.98034329538615
269.1757958403259 973.9422504725515
376.81890802906315 937.7242131727008
505.8145723837562 559.1513523198886
242.61140105574975 533.0677982010928
180.61011269048322 657.7630111942061
767.9128780281019 835.0157348017482
969.1487100302428 51.484623507347614
435.27323083887705 80.7867437348988
25.162963186210362 186.18187377143823
160.3546554779425 124.64302832842
93.05570164127775 485.68742251846055
529.3242348784344 527.2367525196706
553.9767286558416 583.6668577197623
659.3291110255259 158.9155940111504
172.45036721548857 523.9877156863686
119.4619528104487 10.499016205690381
752.9355707260466 930.2324227723558
620.1334453881911 808.3580042809094
264.3315560720293 251.441278528016
855.5257174211995 590.2001981231377
245.3267301156057 453.86681113502357
966.8084730573553 613.7839343035073
464.6195421069882 947.4667767638562
583.057763071782 842.8540763846324
877.4242543841353 111.05736173854008
292.3248159208631 782.9132587750977
893.3063875850054 511.4944010575388
697.0600485828688 624.0123569498849
850.2761900241227 799.9453110421848
916.1057956323215 488.56428177898715
376.2004766298747 312.2595569908815
509.72827234624776 79.25574186656581
10.976888957520249 600.6413304466829
324.6678487055492 175.4515609317372
61.54663191944654 480.272877096137
682.9441141201656 236.05663965002134
166.70520405493428 687.2326964721768
671.1599178863314 832.6211765798276
459.80285928641484 912.9976764812519
26.30702481286551 758.5445955653643
534.8100821776287 806.0139174541448
259.58293435225363 438.55437666144394
644.8551858843691 512.2662604311605
211.48691908631122 697.2060299402449
692.2249626597304 464.4714968460573
189.47089644686721 35.970919003438404
604.9516142689506 423.4661980702243
203.67866740139294 315.54898229222164
637.4917521233763 225.55454512297524
586.8144434321246 143.36333224066834
981.6367698122071 296.0278885124785
460.94022662434753 325.7647548728375
828.6761337214766 751.762076837077
97.0084672182393 460.2935288864696
684.9680328319821 834.7446155411825
202.19505994652653 115.41720556638946
310.4550934595447 493.57865266525147
565.6048766217463 73.48265646534469
123.294844613144 161.4563650902685
294.6804542692474 797.191159062401
293.6582503279127 166.78931475845405
82.65173673595116 620.7259108092646
35.882120263523554 756.6288325371864
561.6229296982442 163.73118542868525
800.5437462359149 413.2051399568358
816.400173636027 119.66308566995542
166.65934582265396 0.35833528619344523
560.9217756047489 879.6018946290434
239.09061775548312 289.33075406111374
312.16011054075466 418.4364262863759
267.3761957086349 582.3346611486143
135.6224964935835 492.4011376735168
19.588174697738324 477.5050199654854
182.08624800490637 475.2669559405298
168.44618086599039 300.29238173460726
286.96053903362383 95.0572554946586
576.8043149806043 364.04592246758716
361.6754958253007 923.9804780623691
905.7597075922249 16.482340987995613
170.75758267991515 721.3416395778702
411.0133827674132 378.93139155202425
358.75690415607767 632.5145495768019
141.74745390891752 791.6943621687587
267.9508322980237 806.627887000302
11.165476982785805 241.54679639032784
170.75577090280314 211.4375758994964
368.97546580680375 466.36247363281245
30.0368427112655 295.92885115926595
773.4778097351781 7.030635787029338
796.012771725272 679.5115989459795
634.5533943207431 208.28389787934853
550.2114386190666 231.24268458014384
278.7298801913447 57.74967140476861
514.9394693436541 743.3294889764633
773.6368212786064 796.4830818636191
60.98625397871571 900.2391825353224
541.5434434117205 434.43472402432246
366.79171157952595 398.0582830042521
390.3051915375292 660.7520353971806
309.06399819114637 878.3178889425826
94.92864481120034 151.50822271027798
497.8417160328896 806.3197158662921
74.096411310275 946.3980395666437
108.25290612778393 546.0688634925475
23.377351908381193 391.13506241436113
306.73046258542723 662.239157692492
590.4793547236698 123.7303421702315
621.2022781734196 914.1675640230327
307.7853595015526 720.527777930762
562.7814524014137 497.69424974153674
33.54588210423704 911.8166711351959
170.73994730175667 837.7351379706735
95.48422426301717 727.037343866306
923.0572534508638 637.7945640985329
179.20303843829078 536.0411158601679
631.5929311580786 952.1951969380666
758.6643527359619 715.5609140136165
523.9398241711061 762.6234376411742
527.1471621614809 588.9945725239414
703.2729331801311 912.6584650643454
854.4703743969446 362.7976980314097
573.0161023465884 282.2732089122204
769.9009229023403 14.228833918186968
614.9072876299947 768.8665615019411
350.05020770137975 472.88423666600244
117.04997748297619 982.2053137787819
677.19465325638 982.4058104182408
62.79727333836116 557.726017114808
725.8388880279906 228.9402063629503
411.8219772931557 645.9660438331068
633.973090072823 679.3729402977234
431.4845325950203 445.4639719653787
820.358602692514 585.0563944825045
569.6178983299133 612.2899524065882
320.3089126822727 275.6962238470663
599.1070506003936 1.436586650299776
529.815994496045 693.2555214823899
410.14748041490344 473.62127256743327
271.5042755037892 597.1818724464786
877.8260652112731 435.6216215028004
725.7782460335333 509.95754383101286
690.6746901748039 373.08530962196727
306.66150639282995 265.9181188121409
890.1049377125065 881.8264178874135
4.2087752598187755 976.4807771162726
141.14055687207838 606.9407461847229
64.00439913653277 331.36821681905957
431.6212276879171 58.64225131716838
129.14431530904102 418.1096759009616
980.0599693790517 489.5440400263239
131.2311000944373 661.0460206571759
621.5935615157441 890.1766556974211
284.2941271084223 56.26087056024964
836.9736680553623 687.8574860636637
509.18020365564223 610.3052685817139
891.3040383729925 918.5949491967627
495.84291661658176 778.2786329283657
257.23660940949776 482.5317874252635
397.090810641333 740.7739386626178
611.5979197361713 590.5017787382108
839.7387640209279 559.3908121964243
214.92407886550936 662.5946697034052
537.7383356870315 606.9647943434805
410.14141331803154 749.1945171081485
296.74683951216065 181.3569865832172
309.6366475592263 10.776673898567402
610.7268102829215 880.5935691712041
479.21918566907806 914.8193669291251
368.55081646745947 142.3394028343421
572.985400639127 586.5055057055678
412.2194451548591 332.135901056211
424.85257084565654 184.46162551436774
818.1826747040027 902.5285310278732
60.53849574328795 263.59994998707015
809.3881614115209 439.15411524715887
458.01978899842345 834.2011958181183
148.0624246547827 860.054201622718
655.0104567758245 229.69479513908385
707.8638168873933 640.9254953712003
978.7596265707418 955.1646857409356
678.9290486253916 701.7136679401245
756.4753883141141 404.4279922609527
520.4679935692517 508.90294055806606
853.9394970800367 705.6054417743982
342.9436311901981 23.047717476679885
785.3853295057005 983.4213224711052
875.5079607771202 352.5395213391396
939.469460831524 11.042553770544306
554.2462207557471 362.2963317014526
674.1750892483649 565.0855365107445
552.9157321414267 30.007854691545433
647.7431150867662 794.490258776869
770.2475508119978 42.764801668784045
773.2346995558738 567.2817987702934
886.5126745851541 983.3459524794516
611.0869255858877 68.80886267860275
606.9367978207822 468.131970462737
847.0308214523076 890.8700497034848
120.68084812301649 767.5604115085409
741.9990972104187 473.20854053386563
621.4868395382254 765.2313533425108
86.1583818585151 37.17596230172116
459.7222739161474 593.2185919952734
240.95914490366644 85.93724610213094
125.43790014786715 918.8368885612194
311.10350014211184 136.4075759801705
798.1875701646466 652.060526007025
352.5896575163558 595.1838902859164
641.7412918703865 792.9842112883736
793.4992286637297 594.0528737662888
370.4549968142784 245.16241874156108
920.9512294299234 160.22814564600506
868.9442362842154 683.3588087276909
370.6551138368699 312.28958730791436
807.8411325928344 983.1823575420573
44.752015372300114 544.8679994572138
265.79681192127003 295.2824182471524
779.1420647811652 693.4384732398804
341.5247841459953 578.2200840655513
383.2530695430877 355.1565838283636
619.5628830900171 291.8286913368052
383.21348393233865 882.4912485687446
139.56497080859563 996.8214370504525
913.6507978030894 463.4790849785032
211.3155722023632 806.5995820687727
723.8441839415672 955.7445254721297
16.294309109644356 993.6595520689934
190.71757228639242 951.0014315563968
441.4989740943939 565.6936840406515
564.1681718874079 12.5709108205313
2.3694377591279014 295.4230308294795
409.481978750994 150.52170565635558
29.03735262028251 513.3975497936644
357.0967431766092 377.35860336750795
513.7590994097917 954.443263271766
821.7299471918449 621.7557007459429
147.27269099495055 86.13159666635283
310.8977351889669 368.65070607017094
107.95166150296087 641.5917036166882
307.10775174456415 141.08775642314885
110.01233535370069 529.1814468106685
478.5177332198318 342.51547472718335
65.6630724712024 897.9782330810089
149.60843587750028 37.81825696566021
470.9676104549827 900.7463574853107
546.4280564236917 967.1786831432813
286.32656622031504 614.982311938861
320.22280536258927 458.9388267322723
649.8649011253541 657.8356862107152
248.77596613514464 935.9496612836529
235.64528252680216 262.14762895815545
816.5361203395883 394.46673603894146
448.5102497361518 968.5448010313828
582.6222297444884 575.4718364498997
933.4892727355053 632.4720030469972
860.0519046356175 545.3696027235877
70.0888962557077 145.24155183330657
250.04644525134356 56.32932649033906
220.41784232671813 124.62343140309306
2.024085610976556 366.1116273506636
504.9808633206908 843.1947949185736
2.901282025275731 163.04072055017284
791.1087369903593 831.6136441204231
438.578592120524 863.8527378422428
396.3739756175064 919.1758111134166
815.9968417311569 830.4713207027988
732.9752206340744 955.4605140315774
85.90583992842282 986.3317250244521
748.9554234679134 94.56447469024066
64.49654081739287 903.6950619241798
558.2525147099402 317.370420969706
216.30520981380153 680.4648119312251
93.96326736037264 817.4906632026148
131.3054875567573 828.3375104114136
967.8346398360616 982.9718819755826
705.8628657487437 953.690745804782
973.8789858707055 968.5428623712975
120.2330158082805 228.4308373324573
835.142987536703 272.131732898245
194.54413014486616 520.0936991726222
860.0423817571909 304.5748659022214
600.710266533547 578.8124436796254
148.30790894640543 672.8850909583256
709.4815921865461 863.3352850072698
866.4701945428374 785.1416675577377
559.8441290585623 429.0982897760123
898.9445812465037 429.0102868649877
552.2403525115693 798.426964897979
873.1594437973155 176.09630217881244
987.5890515127305 886.2620463139139
155.80429711846466 820.7800780119661
500.8414833997151 864.3739093714806
922.1570376958053 574.8782784940606
770.817592851851 312.8516047621336
811.5824901365255 408.42045800350024
627.3251598841124 129.72179045665055
999.6766040120148 752.0254870731783
822.0712482484167 447.8738628555763
741.1648127474059 757.8080834630138
281.63441428601266 243.03757308076467
567.5440110673984 453.44015920543603
618.7726810264394 407.379479466205
359.59240839621964 417.9379239479709
42.601170753491125 810.3558226451225
457.25269225602915 57.94066320324398
578.6806023514472 271.7783283042492
818.0276869957796 169.6919547580895
686.8153558425284 431.6212749927376
989.9102193154072 234.63027270499703
947.3686330185526 216.91720318770902
326.00176765016244 815.4405506144045
476.15868956692077 978.1596107989736
435.3570665993036 494.613866462765
123.50927679052649 395.95127173884623
338.22508409424125 29.007601162037933
314.7842137257908 943.2069943333063
173.7391083804759 781.5941039709678
597.7443619805198 29.039749911518363
594.2419963850896 35.53052198642881
576.3229905717941 947.5300876550939
172.81491809921724 495.8783865988902
930.9231924900776 407.8979424085585
249.2111054726386 140.74675579058749
652.0989615735689 732.1677185897256
644.2791508152595 596.3275003826627
447.4894446221195 772.2362927564125
584.0921663395555 379.2376170481622
521.133347181457 220.32523554519358
992.383472659764 674.7775258110454
569.7985649695948 265.1179398957241
33.521005765082876 801.160948120008
892.7200318354634 480.4530180881048
418.1358789606594 147.46609702515846
969.1462512140687 424.26593914513865
519.6537799870604 167.00390953562905
722.352830836742 672.5403029990481
792.3599169921328 957.9943796996547
959.2897785855273 916.351577341793
330.2616132384211 69.88681363363669
151.7860162663487 309.6555786594921
660.8951989139108 436.35582767374035
808.2433722158497 471.29467924544053
29.356974784124688 754.9496744398815
174.00967657538612 416.7648937546481
495.2200875517878 208.56315465476183
894.128412111176 223.60755107651485
138.63315580978542 155.35247983495225
573.9204451146707 418.85911707763466
551.7780076402656 301.4047524261196
880.8604532865808 917.8135551326322
577.9978089071858 914.4204044042813
945.4697608239154 840.4216061780864
953.2887643676578 836.8615671991337
339.45360191912187 684.9716856823507
103.48218717941604 413.4653937056446
836.0699802817232 148.26752280622136
855.3258524579487 960.7161051248746
490.72401399583885 347.3382220370734
230.80690414979856 74.81522658858597
319.0403776765096 319.7858133112517
811.4410854756949 899.8844519457173
995.1735416005062 458.19705996791504
382.8858291455952 459.58131493720055
544.8737765827476 968.615382517799
700.1180277771583 293.0026425265029
965.8346898186893 533.8895514992558
249.54922991330187 929.6965486364841
72.10526150678542 109.78659099790534
826.835104308545 188.79879423628776
629.8583787914862 185.0754020917391
597.7672630464647 893.7544823865838
28.5641824732058 896.3593732943023
64.51990792743723 356.7820791502466
314.62562174343856 104.25568621443615
20.655318863595063 906.1809113948389
403.790759054949 909.5890846607899
145.67582531745737 804.7798372839974
684.1642782388666 116.58950796719259
363.5423585700212 139.26925922981493
23.398489667585288 834.6514707329333
469.46241921586306 647.8540622921075
401.6522989659178 751.0351516860408
815.3834746697694 997.6110558352198
6.1634862664452505 603.958024157122
37.01036764914345 723.1285841947937
643.7887032589707 38.847286445596765
903.7978348130581 894.4526533164229
754.6222457407976 340.0928618208805
378.2528672828991 595.0580837070229
142.81334058023242 496.46143446977754
882.0135157169763 459.5093606399162
779.9589408908804 680.4024388665355
583.5542345258451 845.6703744927393
681.9570273484613 499.7967234723688
246.00030538854412 697.7685248380528
911.9634666104943 315.26941939564733
803.4170228983552 794.3129016539086
220.10281976300882 507.0086023253606
370.0716003081186 868.8124641879159
694.8415998324418 822.1017592759886
829.5492024186719 41.4349598323287
71.44033438607855 836.7222495039373
499.2369004854328 106.19274370375153
19.658397100817293 127.06843271718459
620.5722948341052 480.93697411467116
815.8936163610754 958.7783462554561
586.586185508427 46.387048589108694
294.1961659756871 176.61304429131675
885.6520328020858 675.6175499065788
866.104489381683 504.5222941185921
713.986907087358 986.8696617003786
701.0083054975175 650.7763929861517
89.33238469433424 740.2503576726009
866.752148059867 453.6681091557254
84.37561882182243 342.82707633935826
344.4500613442504 800.3595056387815
490.85474409700856 126.82129793747043
351.9904872231829 204.76821408578272
823.9247775275057 422.04987708640374
337.46770697521623 739.9581839855936
81.24299902022003 956.4577814775072
336.7843683738435 486.32059164860596
82.36652078345641 787.5320549133461
128.92718894420852 778.9003517083595
531.4360489217847 792.5810245830663
767.9259974649598 315.5442745188999
169.75430521398238 727.3092245638624
622.2636657195201 622.1175064826806
514.7489688463368 999.8128441435296
10.512860095567511 461.85450844096266
717.9438152851993 601.0667092748007
886.2329707426854 522.9816602661281
16.943949200416085 83.16806850259483
795.6682020153407 122.06903328882824
105.0742580983265 83.04904278253555
508.5464812177947 720.1385289399311
497.19245633381706 652.0636986580743
305.285433985377 764.3764536445753
631.3316700265958 570.8018611384347
893.1705351218287 740.3688686316134
13.209660491423136 903.6765392509831
319.5778288655684 348.0979871372388
184.27491109361648 279.27766722228864
52.071542651759614 399.50872728301124
673.8425539540739 770.1797708164596
603.2146292046207 376.2741805332691
382.0060250941227 789.8365224341694
692.1883294796345 583.4600841079786
32.39285808675185 124.39068193019465
955.8245830259459 488.1072932251066
432.4661554450103 73.67312610182853
648.4125376564191 141.32307018730828
283.95606015624884 688.3598166560757
602.6488232976166 548.2910796698496
197.13803166591504 259.20125512771386
963.358792899178 472.6810118771749
380.0579543080842 539.4336292688547
851.1235499860616 440.25894609606377
197.43667096265517 662.9271659737478
164.7056503668789 641.06949772921
423.8695134747695 358.32131143947555
189.17436312646407 20.38181814993978
552.0690192401489 853.3428197492364
540.8884390635322 95.66091176418956
959.2819210906114 813.6973101621651
251.00317519612327 940.1470449761376
83.6444218872877 767.3705250494705
465.92547145936913 333.1954475329323
17.122477626437593 727.870894514919
326.14902223251465 293.3493858318776
82.8165369016668 148.89004557490682
74.15899923909075 82.18990424535488
31.79308415956561 918.0535966284931
337.60423097353373 295.3255164883265
468.2384093333012 828.8794021000355
835.691659061574 841.4557934913441
991.6121148499506 857.7562798362984
464.76670266811504 451.2632579800333
330.61171449600147 616.7009001095656
833.3001245161919 854.9574692385271
436.1413581860868 552.8467413367017
837.010210418963 920.6167488896243
99.1115685505678 822.0631730867791
791.6071179420701 855.0420554997567
163.7789357291478 276.79922236051704
973.6533589468809 34.65884568489719
818.4679362602221 677.1909292338737
159.29289479840503 156.07220473035977
762.8996472509431 59.66708335247717
896.1088577692738 174.2018754379785
274.98513137998435 178.73339277482503
795.1275107143605 930.4927535428096
329.82386706101096 75.30989049960446
87.99422606888751 464.51824151052057
959.7805661402791 118.94280724562267
58.60509566537697 749.3629271970584
986.8964478690075 321.4060444553948
728.985021451817 994.4919543805374
107.52393981267939 325.65410368111736
355.9616912735688 719.3850029919994
63.95654091087388 236.78242856073527
878.1922249609069 517.0322082152458
298.95817928026327 380.59725756552666
442.3572423796945 798.4608530482956
56.4799004436507 150.5921403552446
532.8446435755785 837.7807086648617
365.4833439522313 335.57326609248616
31.00376827095175 121.80752247720483
723.6747974042589 707.8716570200843
738.0577464973683 349.1433434904973
584.0848302970048 196.02517274414043
510.0202674591792 420.66321127157414
939.81278996215 666.0085656011577
173.47022113530807 416.67820697490964
400.88703617938717 191.5354954182591
817.7961504257188 865.6147339572445
162.0755577175328 706.6512757089682
892.5294788259148 574.8705026740245
171.61370851729828 102.78092631932523
777.644149108293 916.5779520009127
628.1991441326257 157.59182319231323
140.20726954205088 739.3261044899865
657.2363803128264 164.4760994268376
442.5239536537663 11.462141253979151
647.1967766947398 769.1530856245362
424.92670268064967 892.4146358997851
263.09193430859233 313.83707768993685
250.61802440104307 175.54981178017238
596.4416913550275 939.6116298582238
270.4821386573688 949.3938100673065
259.75081108287503 804.096318508692
42.54059864997728 883.6230243028643
488.39081036673736 34.18753483881154
323.73270450578497 762.0456448036995
473.9167274711463 452.60013472961026
240.96136253228585 756.8675790588352
220.23099063945318 692.1321491626634
743.8512185841568 466.8562876533252
187.6396242931354 43.01977641635302
743.4247851885966 926.586292657759
869.7288779976705 266.4455661543449
48.909448950723686 634.7706238637248
234.12271672365225 651.2077690214111
329.14657811704706 146.7525822719723
650.5654362596795 790.754381067884
845.5810807286358 929.5526798105557
528.4049863066808 914.2302830424348
630.5684929643977 987.4356696133455
390.4368943302642 117.88166964892966
117.74356289063981 231.78337461554
521.2005616456775 512.1071633383903
970.4526449535972 691.1285569665974
645.2027555400904 124.63986442131414
999.7601576305531 435.526535670832
314.1760212957794 381.7907284653654
615.2965230646981 524.0101100876102
812.3625602712295 127.37817736228352
210.22348941152336 374.69499157816455
424.94680512054 432.91455842526426
245.85025414266937 704.1725417971172
857.142604895236 902.8155806060297
571.941581581975 586.1471143237989
440.07438603708306 784.8434780447593
695.516991476362 238.84538520916377
514.4735704557461 958.6907777729534
293.9480129253692 866.5460041772517
44.34494882803841 794.5562449503847
257.41798757159563 252.64728767761446
80.14061429930386 948.7601999160287
941.3171745840975 830.011905201656
164.61108638312126 394.89175447636995
110.90333342132786 638.8970347750727
154.38716865902435 376.6754512311219
268.56587974402555 923.5994264655428
216.4778784469036 512.6905610437374
668.2898420394889 116.01468090206902
951.2534107989331 983.2714396883107
342.4228355112293 607.6305964281574
692.1142746397774 586.3624016873944
892.6072895294442 21.044516215852017
36.9309989008817 461.7963718618951
629.7467897831847 657.9153181375113
577.4713628954916 452.41137970871347
887.1340071659235 422.33057511328275
610.4151053571019 395.6147949620835
976.3750935139517 796.8900515476122
337.18855684097235 120.4498890110991
307.50347734563996 383.3765724193585
689.7350808799777 562.9152751279768
652.6835433296787 110.7064470562641
455.4690224914898 206.23260181991233
397.16285983020947 459.9208160536759
817.0449524554515 2.9534404994194796
891.638939420163 959.3006895146536
771.205549150232 42.24157799250694
696.9648850697555 762.2579450734554
145.8551258045476 488.3620898860479
595.1255589389184 336.4752693595363
95.63831154521962 735.3541240935531
729.6742272953273 164.83843674620923
23.68627931259082 298.05943082723184
134.32685317762105 887.0240667791055
850.8254673223033 691.1241847699221
210.16978671793484 495.1771727571287
433.4270808609241 435.2866188700176
419.9435016921523 37.93218989187919
717.2079996742726 374.2089020508861
582.1238817636183 784.1023285792401
906.6766176631573 685.3061163441849
668.029198701339 950.6817583234902
528.550188809073 324.4714752851956
931.9399073422269 909.3758537596635
772.35293957275 157.2916922842381
537.2252974850304 251.69491669852218
902.5366675517453 698.2913836460845
580.7293632217783 214.71687420524754
853.8491200540218 204.94182764660263
563.175725355511 747.9453364875036
345.30751183830756 854.6134391918888
905.1098010554897 936.2589787471106
978.017721193335 870.3473847247514
65.90327257715035 584.7692746593627
818.2126119688394 755.2670229859744
187.60486980483583 518.4730712446512
909.2652681082153 245.64486532627672
955.9284666426122 552.9077977567459
5.066499706504191 199.08630916198754
547.4274642133422 151.58657914520157
572.0378202968327 396.9866903093381
114.9126046671003 501.8111131846312
768.184944144995 159.36326902237474
252.42765526336697 112.53073701279148
674.978790800194 745.3595642721791
276.60571572470883 66.23620654770667
531.4844094747554 744.1642079021273
962.9862508083877 741.4466837881331
100.04054030372156 48.78220153095436
583.8811078447424 163.1695240390696
578.9259483407782 549.0415747316283
708.6354641473717 135.78209974387278
669.830725687216 380.4138124556847
247.6374577565863 966.1053548233315
506.58443765782215 421.6718193823011
648.1879485156775 894.009367766382
156.474848193494 747.104276122293
983.350016144608 313.7113767452051
316.6246635206216 907.9508663655834
914.1552505759713 490.99653044271395
645.2760030764381 242.91771872550504
151.0518194464423 759.9129814315523
891.4651993278325 899.078404652018
92.23723145625262 117.06228835432364
616.453462163263 882.1602821495379
774.5263691974344 722.4268958942363
836.4117700218056 249.16210769557267
136.66329235163278 62.74654202417218
358.24093472954775 506.4435711733596
865.4930201318815 436.7761115825258
929.0409497053834 382.8730951886833
772.1672587107646 981.3272237299143
574.6260859677694 410.31513740214854
728.5662921746848 672.8167646522684
663.6156396686475 162.68411571158504
683.3763949451208 611.1151824001132
301.0122702065988 579.9869147070337
172.77034008347536 420.8085984209664
628.8135093629454 535.2212775136885
42.396589946529836 789.5580242683701
491.08403580995184 689.6931654304155
805.3898331277262 4.060195668357358
707.0497504975735 726.2608289423036
175.37435671452585 841.1843968308333
888.1573067589923 250.20906820578904
833.9385158178179 325.1799784522844
333.67518523541105 3.902419253498546
418.817246794662 671.4197305406834
44.295909604789465 554.0611415709187
52.02676912579707 202.9645579802256
304.3312649274015 279.4495292071123
466.45379221592134 148.30493323563775
600.4752837396001 311.9608353889637
934.909227143953 6.9555290638189105
868.742948208109 65.52906097425182
757.4141956487681 604.1490144791694
191.07479780531855 124.99258111394973
20.493939986310995 46.69592661830113
99.23086823237726 560.9805457912925
706.5131720446126 539.1472763725159
585.9800838817725 187.08735724370297
1.5940559227793916 422.71765480103505
772.2239790409936 882.047025943941
827.4159464113985 858.9958170501718
933.5763726891496 862.3133217669664
205.20361040859325 296.29115840510724
251.05387476854924 709.3980769659594
49.46896744827445 228.53403557000695
217.91415949084657 31.514351880974402
384.5784024493777 784.9684906399784
108.31232185868711 870.5169446797195
778.9763640458043 373.446219686831
293.3285788118022 352.82828865536607
999.9032106883424 940.9510841680711
476.05263920638174 626.9823747219007
505.70329459274456 412.053361328161
109.79363139408437 830.6154810495524
413.3269033506386 519.3136253984378
362.11696558134287 686.1769825216259
5.387894098674018 549.2266165371409
992.2923807344754 337.3295685204518
674.1462250448142 493.1149291244593
420.87004180160926 206.95300214467093
439.0425294892539 714.4537260647236
87.48479161704736 982.8610891771265
819.9199859197455 522.4273550677493
916.6210031190377 318.78682238678925
899.8259563246917 976.08915027439
340.95379899425006 475.8857707628468
869.294458528731 834.316043394826
868.0144723874268 923.9535732128761
208.26746727779698 813.8200317536408
618.3116894114352 871.7481584763447
932.3216706462185 220.79887746937376
611.6720992976961 802.252939957021
6.624484061173996 581.3782848101181
833.4471821626622 351.41248906684376
114.05145154291363 111.81889049091265
273.3658437014367 287.8175503365551
453.15448197426014 741.5308432902073
197.19513591052007 926.011398159404
137.17870389790875 930.2599423263113
885.0042600659632 37.53505954108094
67.08289992543126 705.3787607787465
949.7097820478687 211.52418398065421
859.5271686355082 186.0372416239312
135.71298422464062 660.615375307138
525.048051759757 357.9968742427292
189.8228070372072 668.1157434326697
112.15074508345913 16.29369597902852
995.2907912243169 228.8339619749743
459.8042223610445 602.44476243053
664.6675351828607 948.667210781076
533.8339392140665 128.73362798729838
698.3222391691252 936.9828815049195
561.9645380534619 504.18080694708743
632.8506160280784 251.03001840216376
327.77215218761546 355.12477289996536
827.2285286328081 433.0603986911169
535.5644147917712 867.910228877604
164.45208785262665 818.5341192824491
116.21373213686515 272.0001031678822
482.53730196617937 587.7308010995305
708.2272109183606 328.8983351854927
491.13549713444837 983.2819193521161
318.8445684672647 595.5905818525565
778.653302644525 722.5853727266932
346.71307424062536 290.7806151669312
269.64910191316784 396.7591883369954
730.6964885099819 308.02012942124844
153.41035821123293 566.7358068276642
978.6324537446923 291.90037729536823
871.9992503231451 342.2940725274184
225.36113732264607 721.7939580581204
229.68671872116664 461.2716451101721
271.10530295193956 632.2057232005383
65.57777434714107 273.89535148873813
759.2898926697407 939.6118187789042
217.3643856034222 581.1124699498669
267.14733347559985 342.73664597287444
696.5237375496607 976.0015911030727
102.96183125367342 416.53696530377937
93.91405306505207 193.78648897772433
30.564770466990353 829.7338632733625
239.60169721599888 988.6720592955813
974.7003056790404 581.5524619323128
51.88679614429825 224.66669317993805
0.13833520930961463 775.400403407723
327.87719963566906 192.7507066575439
502.9199619565955 725.53595975012
951.5935687413674 648.195624364317
603.8782716269909 127.34727917348398
625.4707972383062 699.5347563223849
192.58495819511955 612.6841437280049
767.2542641334859 474.63034291545756
934.1313282330685 258.7545284091497
656.6720886316883 439.4786763156908
821.6600131220242 522.4180271973015
264.8969319156863 351.8385348351578
534.3211323029385 631.2787697895163
454.6946902703601 94.46533950568514
943.335350554688 678.8007358464292
400.28891132464514 51.67714782466681
598.1029348521902 542.7387241596913
143.3538419701754 268.175017715338
919.8067437802674 274.4984436323257
175.18095917476228 360.48490518717233
131.7143047679261 791.6096189838674
814.9472346222767 39.08403747431532
663.3920761432666 546.3161847081547
940.1455288667721 143.21970732750776
880.3028922322776 340.3580975647678
317.6211274002809 290.6239004341392
510.7654951387404 609.3395837405615
382.2906139742063 600.7723813861878
69.01237040095299 309.64869217083645
815.5022608578004 463.0323904509599
906.0906135633159 6.713833837105332
686.130260713931 989.9879601481126
259.6079660481704 885.4529388347134
234.8772681316178 621.4278205365972
818.8337530655207 182.09101661120263
605.8931702566618 325.9256154869203
873.4229340099747 971.0928858640625
959.7006643423542 984.6376213072873
72.038661295862 331.77727986972604
437.55044302961375 835.8887627614527
181.40682734374246 666.2496640463551
389.71278113181853 309.31261039530864
6.843958768465219 343.61082588956305
128.8438189119624 184.75640927125303
812.0573427189673 904.9687886322962
