972.9314368822639 5.976817492559627
50.646915769125386 693.8134781321712
219.6424782538443 959.6323883556606
237.68197670897152 704.9330713675424
979.0927032556616 662.296430377285
717.4346573942605 269.2072802654328
719.6664072535452 149.62292668163224
702.9985558378311 626.2764992085251
917.9244303773366 464.46243680774825
350.1243259938219 382.26880586329884
222.43477421030977 703.0916914668037
896.3677261014318 777.1087434012579
769.3872411231123 565.6516255323098
516.0629498958658 625.666743631582
283.20119630763685 913.3880001212002
304.11525479707734 562.7844894855601
6.468563452492582 504.2339342966636
540.865310912067 344.28175039153274
820.9569044074783 903.4688519633833
535.7852741375774 734.3711078436035
145.03024383636276 547.6338926591463
899.5242895013445 944.47641983436
322.727943336785 77.57905072020266
51.829121044392856 679.2722194537033
255.8753743886656 350.46231492058035
137.1234051870599 592.830436835608
972.9819270865787 990.7171467564918
290.0366952421146 361.08234511058333
677.3156428992437 946.449077856988
369.93252708017775 636.3725278094356
571.426181524024 280.4180951903351
866.4919978227227 865.7037587164863
416.52038457987686 343.7085965291883
667.6682248243822 326.3399719419405
352.4781572689546 555.3840960189523
776.8335177955607 760.7567285774337
977.9286074678056 242.8689446163268
867.6999508823752 677.4974104434463
69.6894163441112 385.4949519950844
773.6013895617975 725.3145578816486
607.0053714644458 647.5960164805107
621.9830401916147 545.0459198245724
958.4045148347928 787.7288664865432
345.4519664775674 156.994526338059
187.62345767745558 387.0439828834028
727.5004408150337 251.15361694942496
439.9360032107973 852.5253225326122
974.0214726742378 713.4359876897023
281.35202841882835 819.763325803241
40.993513414485875 343.13915675150133
680.5367994911273 405.12095787938176
594.2196986749664 995.1970305537559
46.93296865801167 238.59742860165156
528.7639547334929 315.3393531127423
368.45111965143207 846.3899952513169
433.7352316126387 827.1008455443009
28.226795547241945 746.0994912764631
252.32766720477585 376.69190381171734
322.325406719178 567.720164992887
657.5334016551864 845.0629006557429
48.90877466402932 620.0004266749246
340.70195186631156 596.0650833407234
794.2601374827135 584.4555377765198
493.1279660568003 345.43053724957315
702.1969582246292 438.2594850517906
250.10721177984686 7.3648704077237115
580.784238831865 282.4376887984502
762.4081222229714 603.8657980497509
173.89313409072327 483.22855341932114
861.8644611792237 506.45148568161744
305.03302990912994 422.17597785937676
995.8019233619378 120.80315164345534
387.0180059423758 194.4614523905671
219.26996910347953 621.8959630589555
483.4109079990472 795.178672225296
554.5573528343425 500.51312605816156
706.3218989132898 689.6996016460802
954.2281166752398 491.6085586472434
240.02032763415616 176.97589783111002
436.92230213703607 920.8030167228925
690.9521993027219 623.5650563504528
704.423759526463 627.3698666121031
782.1380598771302 471.3657508416007
694.0047607868928 400.38626998046465
633.5587705060171 903.492516616828
71.81558431398739 299.29605120266547
0.020035388335726267 190.41480100152796
631.0944406888302 320.95134238013446
874.1185463275395 32.43111118010511
923.2312814403634 622.2692950704624
804.3161233168485 664.7441325249303
220.2269569893891 910.9617486761674
126.76074498363732 97.84771383917668
83.84620918693608 676.3650892630276
64.37599316199028 628.6325637373176
399.7721828808337 648.2181807181272
307.87373359606374 676.5624671690508
724.326468232207 243.30702542322146
260.72724028006166 74.46764732845124
186.82753527867823 788.214015277634
603.7748598236252 174.9484434265477
992.4178456956055 990.9810508516126
215.00734686642699 521.0763681008825
778.1977417823789 475.315726296739
766.2246008074397 374.02605009520175
689.7618978569852 188.03963089609798
510.6303238115024 90.46626673181623
65.74243443796013 143.79908001841045
874.0661300107404 198.9837300134435
44.72005699727 280.6278463813171
467.46944879861053 37.508645663148044
241.8724874129643 165.77265083601932
49.2717042826748 982.6563458426587
881.9876648099155 913.2621015100408
783.8375644404393 627.0947420994355
420.9765707623668 953.0197523891577
865.6769046718057 742.4921804210089
739.7784527501627 225.89310487064284
209.04577812736713 503.2964273711047
452.5592173754525 969.7899566642276
438.684215275151 240.53996511135122
735.3613196176841 509.1839703461859
859.8221242419353 945.0625188083264
351.8714804015247 363.57188422300334
434.2171301106643 845.9872774710745
229.73030671920912 550.0350484051673
43.871306084214304 652.9819281067381
23.81557510199317 170.87781991941065
485.20589231937873 469.7814446807097
592.1891366189928 249.3865357351338
703.8569067989919 961.6449931007672
205.90460477844996 305.0720681957294
753.8862866531165 90.86400348648604
615.631521297516 344.33021292888577
845.0870301873338 622.1342988821172
806.0588168783464 783.273863088782
628.1926268068913 643.5505161953646
383.2986429791854 316.5614252397092
560.1849171556415 549.1759104960781
61.019451674977354 899.3663372553788
790.5262616943551 285.5863985969508
637.7947079756177 819.202723170581
514.025714751592 177.4827478363189
191.16163707396373 300.1425961155857
147.1808688852866 316.4103432839761
953.1423567848865 204.03031516668568
2.2205188569915935 321.820972816756
477.4872652830728 171.6203492690186
356.7055985331569 265.1566126439452
260.65855512183265 981.1346225163228
946.4290239491213 685.3307543627081
936.5794762609194 992.5561527333105
945.4875967820847 917.9271963977684
529.4328161750436 293.04603657547614
439.78216177092577 410.632840093477
19.299765637773135 562.190706709375
248.8349645306376 303.8652793213291
652.1885054254727 735.3575185984146
705.6957270454974 318.2517563461791
9.008932242083766 259.2562400708718
665.8413750679904 909.5613344007738
837.308832453143 105.87474740882175
583.3563497234652 726.8873708867735
45.093322510203926 739.2775082388836
966.3138758464704 641.3228027697344
57.80860144187328 914.3255520513721
903.1612514829951 0.06579642030235533
947.5774453518904 527.1973387816612
638.0447030252321 304.83905565888045
358.03297463118247 734.6595805274135
365.39267658443487 213.70091476087381
268.60419868222584 212.35822904870628
512.7087458077976 621.772249528724
68.86467060259827 731.9695021704147
785.408531656857 589.0977456425634
246.56420587563477 202.87117604820736
158.66764567040013 52.80616449684538
232.22041206527055 946.0652684595456
818.6303703876919 585.9290964939556
588.6551233730288 246.4028181940041
778.9620110416728 946.6833168554978
785.6186336239828 163.73217103350424
528.6100118235461 799.7164861895039
257.652469851816 174.4124640118676
602.7726654753948 784.7625028459838
307.59880970904686 461.70434836282845
411.4559208028186 58.346726946366886
688.6731585647741 576.869975672563
8.63265574599903 540.6274742676942
374.7742715901402 752.3850237351884
739.9008999985269 362.1555075571842
111.71288837675519 364.4858216711614
867.6707218417121 424.2779270621454
831.2996410633748 914.344284096291
340.29194642047725 562.108937444361
905.7387762708939 425.48476570896565
845.1679776367744 530.4346284875747
521.5339078180496 339.62619649095615
165.78378460228714 920.6147300024475
160.1182899957404 833.9540069086196
648.7086457786456 160.48927542856217
286.68071765662796 979.896079097573
279.01738380780915 949.4936941415386
869.1660796918269 316.79751409024516
461.20646891176807 837.6307380928863
276.18677191452565 223.45949263249776
107.56435308427703 169.64353287324997
435.5895362010915 936.3273915909203
47.08772273018169 284.67885533478756
874.6799574073134 185.1839851844419
85.4189610809768 686.9254017853532
408.6145333366361 195.52380328850484
269.91219221024454 884.1568621621395
795.2281892083032 241.3549103862498
43.81851799857151 728.8051144879216
632.5728002144309 22.994612687089464
9.713565506971333 390.1340254486364
139.70032481380755 891.4965978532736
964.6737995326573 536.2798725601615
231.73165821812668 344.6658857454711
718.3400927751857 911.3693821439816
477.0103480658736 279.1901734440053
959.8905854528061 255.621967496524
107.1479784805175 199.2346601750833
101.07719536699489 435.2880591456374
240.0261590380397 953.9190922053364
589.8633742824836 724.4705184457897
871.3271466068805 604.4152098451739
662.8328503150424 412.3214640058915
991.9241011986936 705.9737784156487
884.4229204158027 296.80273049462346
396.46842113715894 631.0099472513396
107.16741320130497 170.14229664658097
362.77062911280314 556.4467410619153
679.5185880812759 101.31574473987048
402.0781951785305 391.83630444391446
826.4488011784364 177.32596182786975
707.1121511390511 234.3490301727935
132.91668420079029 377.7503041307727
757.7318249990104 902.5408769333574
971.4144235719443 425.96945920329097
783.3545621418547 722.8797227188497
532.1963233475102 785.6876714038239
426.7660491036942 21.331850594167534
838.4211767109723 452.799144442937
5.71343362007537 706.8794599640953
758.3238452899003 830.3509858385403
226.68244551744942 924.6614803722115
562.6645998433307 768.298311597136
69.51639862364156 3.499151285265012
18.087017950610964 799.9420555726102
832.0438688392763 825.8890224188037
355.64859073893587 713.3862062493365
0.6387063104706936 308.11552944469065
708.6705156539946 859.0452564924378
695.6445755624673 893.9564472499663
775.186710782074 13.17948668576452
929.8534462620097 837.5242923535919
527.6536149183513 192.62945248115815
813.7357631589474 579.1070747838902
766.2167538281342 547.3675563660593
142.87748446500592 702.4424641575708
191.71150080912403 345.1793770721393
511.08723887250807 802.6793023928312
460.7091988432913 106.73268806490287
206.89445461563537 91.35110556190628
377.301670001528 149.48763715921075
671.6671150826675 718.0061405171681
974.9514664719442 155.3467131461408
224.3361372262438 597.7094474348878
746.616056159031 889.6385776459542
90.72012052400092 999.4518850622491
692.4887560125826 867.9749653714088
514.7032945193436 272.5720916968474
172.0808629650682 592.7153390486528
874.0262230569991 866.6174085355573
771.0028539556654 962.2192005506976
275.2073159408659 234.64001825700132
522.6849017777649 593.7613245834922
60.120726970002366 300.7450191652078
861.4102642588898 94.93038260254916
21.014017948793096 919.7772431714375
625.4176071317637 768.5271628834486
891.2569668135638 160.35437740788893
277.4608205454353 842.4228561656389
855.8705580283973 302.0237103221677
265.0985626876325 78.5348373608753
408.89290230781995 153.14053084597057
104.11788453140313 534.0209080881464
873.8970971628551 668.1363288458033
335.87895834431026 322.9896734804503
299.4830417980271 871.165489826665
983.001775155772 458.469245387249
243.32413345756032 777.6889248762931
507.69696757725944 242.07198161836652
166.35652941226374 346.3744271947058
563.1772868499337 212.7384441592073
772.9569399812302 490.7624908390552
20.967815895069574 366.13902442068604
653.4631884749064 833.4679319220106
855.5666508474847 212.75651705276422
12.148305193607435 195.25714906145663
472.7900898929257 255.36923299660975
96.7683637804606 777.1613776340515
979.2694014683639 635.598301986839
185.06070354904847 615.8568776608438
707.9492738625241 24.379378112486805
629.0778113889711 170.86278368233408
38.070091496083535 312.6633056351773
509.9995491312197 836.6782888152079
178.0000857885905 296.34607682993163
914.0743502655204 763.8004160272258
115.41525152691712 343.373771414164
704.5981607192894 619.6347979503324
381.70838362474467 981.1631081636739
935.3467868175628 823.6312895136946
626.1409471917193 448.92398547606996
727.636322108836 350.547347288635
250.13459365848024 522.1654637170942
516.1930874229254 411.5619156617483
513.2319640508003 335.6119720457493
58.27313314308669 195.03295523832864
589.6390220760665 505.9517484321009
495.9785111678948 377.01246500471586
27.89401131542679 587.2852100012501
63.4758788155142 296.2023668268182
946.0912325051429 779.8357307514309
738.8303724144204 528.8557700535465
81.22020516437244 856.4310228474521
254.4258577685644 96.19797979941525
503.563992206844 471.4586200771275
400.45025717456105 690.262002644143
405.7329620387702 373.44363906164557
482.6824430641282 113.6034929506371
880.7934109016776 555.0934892214666
128.82529585597868 594.1809062313185
15.08274894820094 43.59837379448939
376.88684554175046 758.7561607365301
938.6865423108 859.1723692022218
124.61968143505841 826.4922157207211
700.1846647090828 651.2649065535181
570.7865471663863 18.99343601141301
962.1573943940738 659.5681418836945
237.02740232210516 273.8559442366354
550.0743960058398 940.8903964252813
523.3618374287952 95.86453476018819
829.5729983461629 253.1619291787539
520.8678036582905 783.2935195942956
735.7645594488185 594.2838953732238
981.8356958718628 326.33909955038996
33.09050468379249 156.22729220002984
930.7050580675105 990.5312338077829
45.38292136536681 373.7333450597734
388.34810362865545 970.0431304966708
663.1666510116249 822.1627809911082
77.77285412902269 524.1369660503959
908.8734394428192 950.4862377501329
781.0762729146564 694.5545020229216
720.5208156690371 23.10361923464921
225.48530163763513 42.48193297121572
900.5416403115432 188.12539810959862
990.581899711729 840.7884651827284
368.8329645923477 289.9442806351191
949.3157866004129 810.5580468051394
957.7254634513066 900.3709739024831
182.16662311245213 800.5048950298178
991.4577726500078 55.302853131761864
136.8246185744798 773.6826575318469
803.8728247387991 352.84002534923565
45.01725104779209 87.96836080202308
165.43595111381794 393.9584484505997
253.61679351294686 335.12181831452045
314.307275888728 28.294704292294746
178.92149628249686 937.7922047157227
916.0843381951682 505.2931864504445
51.01127351709456 294.66305326165786
812.9626927313572 424.91068859874537
479.33601336917775 510.9979828057625
865.4458513645909 332.2697510013849
141.20300980428857 655.1692510305356
538.3686293492265 907.0966766858012
571.5876220064958 41.32161007000556
137.88031449123727 961.4757711792481
115.69868560666285 254.14474527205033
767.1673827746329 878.396600146604
594.9890381058395 503.79709396694506
136.07807063385346 698.7664342964372
132.80781509198368 427.344780752404
333.44398058751557 796.0053668129409
887.6506015089403 637.6495636039718
550.7767602205175 965.0365174974153
149.97016757114744 161.45970182283787
532.1504564902907 796.4298890899196
372.7687628672668 405.52853081879704
217.4633170097424 406.652909163111
226.700937016888 442.9051738315928
644.9055591440552 951.8262024486216
697.173139000611 221.1127999189775
683.3418819451725 865.0792017332892
573.9348124226614 759.7495431813034
576.4513562002512 426.5440787344854
422.91295139977024 527.1180740407548
597.849083799452 100.22334523477228
275.5501827617699 963.8096242742586
340.047543536083 53.41057247678982
822.6642921122902 555.7388313543455
289.99803492000274 412.03969725539923
857.8547736367227 949.9462947202206
380.0853612120354 99.28348017389743
79.73962027203918 353.5553924170267
145.83215569616314 554.9167492242506
132.81412074225062 859.5910156858815
970.2015908836577 239.4060240797553
943.4801959040997 402.9375954389589
649.2700344993964 589.3816486711868
990.8036482407495 765.5344277926478
175.1746479446703 10.09423965521572
140.81345776277675 421.9763807427015
199.62274218982168 565.6530133930677
68.66627126362867 45.008638630735454
114.8834741015573 259.2878194161271
94.75589537201523 174.97432120175503
69.0646812809077 183.57309014447497
468.8561937797954 898.0939574154938
518.6106699619967 364.4964064318197
750.6432059591893 375.5266160059183
113.33944100964555 823.4504483065
955.4504112628152 718.4818940196145
807.9711768343185 237.67165062168272
560.8685174195549 14.223621791701557
98.98156704068784 592.3447305379971
302.80926740081503 273.6250065437922
196.74770145118447 386.53729677493675
928.9104307494242 693.0062075175831
760.3358288104798 280.3243900925435
722.6670452894467 901.3055115170409
545.9140512536464 551.9076099907194
663.4316258324511 798.2051039798986
949.6550944055431 371.2290634653771
545.4340690118465 179.65342715374732
962.1277602132936 690.5261019897835
243.2296424560544 594.2957951194716
493.5579861990086 502.4671876785857
581.4913780022982 777.6457539767305
377.97328458735416 322.95543768962966
943.8208859161738 570.3997569363261
619.1277624156841 18.38103986004258
838.2595022515951 443.11781341068115
602.2366940990437 516.0497925903811
126.43937222983558 621.5637476247804
62.93347118988179 511.7093539389468
518.8222293874572 335.31810709421484
578.4936818304126 19.541099156763163
240.23094193875906 896.8480218014901
226.25475523106954 497.67984857565204
477.8869587432251 159.03778026201053
840.2915128461774 326.27019197317617
338.424852404251 396.25486696493374
989.7915250249208 615.2619925120001
560.8625259976043 807.3461040993344
401.2066230770801 675.5944016159345
159.26351482952293 648.528878951294
51.139692420314134 0.1119465790686558
501.8362052573915 469.96323178377196
568.0589578678394 269.5023909528199
72.47171221497351 51.85994984213238
898.3143985966949 723.7404928362891
306.2307051107307 414.3012929391815
415.56423272701335 220.96808928782997
442.04684679353045 709.5203031324241
782.6016823931892 443.4354057911057
293.92263455483317 896.2052972835291
910.7054664541606 4.074346697913511
206.15094965456905 842.4669742974465
304.0201347525926 657.4694710539019
228.60366510764106 907.4248153380709
925.1049766321981 425.438037319704
724.8862916761439 110.94081079676499
472.67359702033184 210.12540521169055
209.16564894053047 716.8481528487002
623.6781802097628 386.46770331962256
196.73524651766348 427.09330769742394
359.2763519939748 941.0689195281972
248.89079268166637 412.52974091776997
967.8503072050889 955.984775401363
194.44620753984287 90.67247961445746
698.1316642977105 623.6011290997667
718.2284074974234 901.5423020350105
321.6173479044674 522.7400352788376
121.14644037206112 329.79922671185756
55.84549895698521 586.3216916357555
76.93923824393845 74.68505789824032
398.7326023571173 47.3561846052446
637.4631291015754 578.8650303836655
429.0561480878464 662.7337359318087
571.3887507351774 93.07898041894403
39.29984706573231 683.228074027623
360.4342801156828 75.58272693096957
384.461274201214 363.32212066687566
822.7705512829359 3.680701980701584
554.0545249274388 285.91153881394615
384.99009337076717 609.2212172062116
104.4235396208868 414.63574831623663
482.0413846103817 140.74591498219246
624.6141744900982 580.5324021726968
428.7865321745497 502.0555401656264
951.4362336579564 59.90598890145626
377.34851921610937 20.273928886820336
997.9793928199865 6.746719371848342
651.1722898513459 156.0635184784993
414.72974666546827 765.7315136864423
829.731390973408 684.4642818659087
463.56645118823326 510.78338419293857
447.0700871645253 746.9003370788424
552.3007422002601 229.3617052992316
62.878172480682835 703.2169038941576
851.0529547296013 804.1007594230261
766.5539831537146 897.1820318401773
291.6446603489794 831.1091157520397
882.7188483750886 289.7069146488297
37.31774723737724 858.1881176440922
760.9035960080371 411.1093908200543
202.47317247721074 926.4227588595835
52.63609742466202 237.06545621380593
200.75631068691968 655.0434869674497
805.9166260602874 402.46358053112374
604.6978984615495 622.1532971240799
40.07483890469965 633.1977109952037
811.2528084975743 462.85894874304444
203.2611214157164 398.004276979072
124.96123925375069 931.5413209910637
60.33212405327482 560.7693036840249
94.09025309349961 156.4446615162457
110.64821519865298 248.3021876189433
64.99597111291922 452.45995190778086
593.3085504866044 239.39246864052112
956.0798052120813 351.9230233404578
501.6072592183756 928.0367812230611
195.09473002634758 963.4432725621057
799.0020384535575 317.043233689811
612.1906333664144 375.2240604536365
205.6439861799131 557.7906424254966
835.9704589602643 582.0314953587716
507.52588441748867 267.74074093311515
400.9614675704031 333.9132085578839
329.5633495697071 229.3714691019705
342.2894009465173 379.9643352579611
709.4316849755338 102.51988850891559
526.9751490730849 811.8831037014234
610.7382321353572 466.69346462626436
351.1575541842572 599.7537886056884
722.1189795483232 850.7290621089219
718.6774517717614 956.4401392201999
503.1049642842252 404.2488674905448
408.8421200085869 867.1675084095376
458.1122868066352 518.6833876745071
39.82132058835164 977.3175174971144
46.667461718313376 15.201049955711143
839.008956762787 44.154149052544
470.9873013115634 482.7054752441728
342.81792913841616 327.14564985368486
821.290662859865 971.130546617361
965.7573990627285 616.7417591400726
704.7270668957462 523.5845696654444
102.275664724369 82.91137256182346
535.5648444171096 965.46504967271
54.73379076621276 762.4406625277068
122.28973680004285 959.4852213249894
617.0084057294207 297.9373314794198
51.52205443814384 582.6248733350939
585.6048452666871 491.6819434779031
639.1689531600409 584.3372494271272
818.7942515978339 343.9123252945879
895.9857420134687 44.914946533128884
719.1719802584021 507.8227599265889
37.728105679491804 368.73761178562137
176.16594381816452 512.5044888734891
559.3350092396929 419.19454576851734
72.40825468251944 680.2499807870704
788.0898075588628 130.39588660370083
431.51439886539146 396.088069443683
132.46467636362712 115.35617744686233
164.6987346262696 275.1129912928146
951.3618261643612 631.154375087971
159.78636055060912 817.1152077213438
82.72222064083445 758.6449035118619
148.565744521317 338.2173336698279
590.9806053399436 807.6142994031619
387.05764488824843 325.66412491480554
219.60338332488715 767.8490205083507
688.1603743058124 874.610123997743
367.95384781566133 92.3990377581504
757.2629476766009 534.6946732273556
150.98688692320573 221.3937956864903
98.80112520158745 719.3886368788546
245.78310835034478 33.08590838310632
985.3639486719287 812.5428221550949
780.6903030048921 843.3691628219955
110.841385145934 244.2633936549874
480.84791821603835 665.8376602550354
585.2362578688438 102.18491154291564
648.1277883679126 191.52268648392658
871.1465941776826 294.4066466025339
324.03260772902655 350.76489175892834
110.55722833988169 886.8035193658932
160.85114125517563 379.24930092196286
45.46266415715361 0.11809403445062205
109.37695255409308 26.050771208623647
396.9752482021769 571.1855144288251
20.755528726213555 913.6087225227556
134.95663977956295 357.83841326574293
655.5320861583335 87.86897494078983
543.8420965799127 798.484149401794
394.73076317930355 481.4020196555323
370.2110684039106 725.0424091183231
155.8027817894223 353.126656490391
623.7895945286399 471.87592084667904
630.5399932207998 765.3384698245502
795.9532072179636 623.5427300002234
982.5574345959469 812.0630868895574
358.4317260082066 500.64391009146294
568.706321798064 622.3240314863787
409.8002744910425 495.7354351449855
81.78703352922301 127.73572744416262
248.4733630128426 540.2185923775763
751.1892242433449 205.90258280134722
468.30214910670276 308.3188046304655
883.5941332692378 89.42457619570365
896.5072095293986 245.70731404707035
77.63168892692795 864.8814260404982
323.5626878741188 148.01645969603626
904.3934212879423 476.9863333559488
510.7797780573171 808.4438498779509
709.959334768716 900.1718299377648
403.7208338422635 203.83619242800876
466.60497224892396 43.189472791110184
828.2079761084325 795.08932229085
276.11303180359005 511.8764588860031
200.5728862813665 780.395609585156
211.6211515573295 571.0616083808117
944.927392091658 558.815529456922
673.6957798608115 518.6543942113767
377.6171279074855 236.84598218358033
331.8291766804843 213.28013056990102
792.6535376256926 742.102031085364
24.315706828941906 681.3953952590421
361.8020533548052 995.9255322726805
697.4696051490823 570.6377627086979
249.13739645512766 640.678299690768
579.4058745113155 713.234381196117
32.259491329045154 17.67322814648886
304.1127951122948 216.6139901479841
120.99642525437415 448.142189261157
628.3024927732203 307.93763970385004
369.3037973913639 382.3345950936222
716.5342704583464 625.0835870012354
487.2022596372448 650.7858577635614
709.3626248665948 768.6916615085851
176.978432157886 876.9906054795327
434.7701050513304 708.1937672351052
141.50648672344911 92.16040285856441
674.9027834677198 69.3262186821484
242.43119872178477 730.4410584067557
358.13396590097057 421.44101363730545
122.08556621648204 476.91063783331776
410.73956736893604 430.00275702460743
545.3991933127267 890.8734158892931
772.9765796388124 142.97870154096614
566.6863134982266 333.4111702669107
261.11343288606605 739.3992957769321
381.08510807905924 490.8487069525055
539.9693291727755 784.1872190551252
381.5530937499794 704.7347410510122
459.7772342103076 405.42322535147525
509.7056196325842 394.1356230568447
406.6929013557442 838.5372014915339
462.4179841430243 87.48458977670114
118.03045540292312 466.48320377838303
695.9936885058113 968.9236935504789
621.3124466709672 825.7778127054276
455.8352095706577 388.02185626446686
570.4805074911726 45.35120727972652
251.93539140282607 481.94747666243177
273.1203133309754 838.4806686887024
299.1410419095638 915.6189572338476
129.3123188376182 477.6465093641682
446.02317844889114 758.0524386744477
35.72782424336951 147.97123927560563
27.32044593070193 682.0708643111054
547.8474506802171 696.972114862735
892.3062890786258 999.7340470012715
238.68712198728159 76.6785393662106
585.0617438039923 527.2948125894704
744.1741820821682 708.7354903537362
282.51992819523855 911.1811595994885
443.3245726056072 593.9345506470173
632.2803950524444 840.4502988851267
585.6293268023505 234.68464638861852
74.57410760400995 521.3552140828716
948.566641598101 342.25468440284857
581.3934842749836 896.1101447726351
784.9136659095766 860.1906753593217
0.6837916054064364 350.6362021068327
902.5399042837863 51.13034641977055
354.625737822135 75.01425257496497
208.62178100323737 266.30821020085415
508.4213337074063 815.566850443539
945.7261411706753 545.364996529597
599.6286095897567 488.93695605169927
148.96765777350197 378.64487051675377
497.9725229674543 16.226046464356436
561.4537707193178 804.9849649613788
351.693651995756 779.1995418065235
359.4874482606799 515.0712581786995
968.877472792785 300.7631902214999
559.5072183386864 783.7561572801204
380.84128762188175 108.35894001510937
905.5004709742607 864.3022337118108
439.5376483577901 251.62420537174944
368.63484070156306 943.3380069356709
712.0663987512065 614.6040189334706
130.10966586788808 877.3812366825784
252.77033252239534 988.0006750672749
63.73739909871357 710.1058444549343
57.02184283280987 848.3905339419695
286.5231570254906 404.0986719736059
130.69150603515533 929.0336173673892
303.5176934684263 311.67299014628213
145.42122914788834 960.8462028379521
637.4774471508266 656.3754769615945
592.2088069834831 412.3026435899575
604.3729410387715 700.1439107126688
194.44219136867636 663.4770698908993
72.54430649760168 330.64349497977673
96.40549312065716 812.1321855196331
626.3112339254799 519.1293368603983
4.411379525692927 228.70622059114098
544.1018430795119 471.2535093109135
25.09675165705627 52.245750958487605
396.67287731182745 321.55513678545753
419.05250293224617 50.77641938795219
872.7517497421456 906.9423917287044
867.8396899272009 657.2996029635603
647.4384566434896 495.2955967552096
138.57849111951847 536.5477696009799
722.9633266948075 342.3906296156589
222.678135453211 737.8272022365067
691.9043535083665 603.6629260191
123.90930549684076 345.72154311772863
799.725850401101 436.90145470728083
475.9035564645183 553.1253386232924
516.5073425675022 97.78383843184635
80.2962676248009 250.02164413949978
566.9906399349753 452.2326661272583
274.11341765895816 546.6136115640786
13.579235076260687 607.8945288338663
758.6346379814734 130.86469812632205
38.683728599399835 301.61270603964
151.84802149475752 998.1980736925366
530.8130896031734 270.58550006943983
62.745184449543245 885.050297258493
443.07079738817566 81.9719539228192
928.0873360630605 688.170779381122
163.22190333155518 799.0272681147198
200.90651165751473 258.00247552165365
811.2550769223704 421.42064132911395
734.8887927752805 217.17607478329126
463.3714759146587 253.2082447338928
369.91874884174626 874.0936839627001
790.5902842238216 224.00462880624582
791.4476815747915 876.7749911895787
495.66826241191495 717.2161604117313
709.9806877374688 983.5824956856404
233.78887627409816 643.770200975348
286.86085123576623 215.13916684438394
410.4837061113558 340.5941705186474
518.6607520986912 695.6964079922531
364.5076643696237 370.1692033981906
984.8755585255105 692.4053684677446
963.8962179430516 450.8027913896513
962.2436742883115 717.3909190825904
570.1916300148973 556.8358485916071
413.9042557494876 70.22174705630113
658.8322113322756 693.8193233633858
772.7338789365283 867.3160604556649
122.95724875703628 975.7662689526513
755.5867804757713 430.017577210564
433.38709842690713 409.9053635702563
668.7968158095214 884.5217039863988
379.2967065959577 228.9321066995642
795.1812063447007 964.5270110656595
72.1079322192646 701.5743858907945
488.9195920637811 301.43290677555734
259.3841291089116 99.35958367053166
547.0644983855076 937.0987972383423
766.0185334416589 900.7900430273371
275.071989565865 400.6266052981653
56.76503656032761 373.70503561150593
418.62432860324 453.3226225273207
497.1687346017907 392.4267136247445
795.1492845081877 524.9406909791318
879.2104953129741 718.3583165421691
25.823202708329607 939.503855416328
173.48855768554338 1.0235528802656768
242.478141265134 260.44689048028914
271.5169329422353 441.10527389814945
23.716201598065535 472.51743107337495
689.7291143554846 397.86333861027833
100.66652833352607 261.81877340021555
821.0330501165998 220.38057337869887
565.2037343314813 355.5726494450334
340.2708887104381 235.40700613556055
412.07935298482954 739.6258859879525
796.6951766257779 134.142096549683
251.30015172149933 584.4195888862844
259.5811541815346 966.1156780428823
938.2206954179017 879.0854900341797
122.35185641902824 570.3981528781903
686.1998929573251 98.52888457303877
816.101505005069 552.6909853270301
950.3040782693462 709.803076904311
235.15958272981752 851.4188410073203
0.42227515125181636 961.7758051058627
135.34672485635224 526.7651357937591
638.2919130406 196.03283040327213
629.8302967860408 653.6626444852643
955.3159798246825 867.1599518689216
177.99647227378102 103.07192110856056
376.6855816505566 566.9893797997762
139.51244452205447 555.449648911304
492.20480071294446 610.091969038091
48.760863896286644 306.13003641535505
335.34706370485526 156.7422029643699
254.08633145162096 294.4126072738715
839.4557143542837 424.7781641191536
461.8010700649349 316.4696282385123
173.63370925166822 273.22355156249387
26.655517963952047 566.7571435857485
540.7505323688101 328.2348664942879
538.4866073088662 493.4338692754033
806.1271495715055 865.8816382364374
369.0150473560151 450.3621651293571
17.842442761941246 866.4631183839617
363.2700175832551 781.5861703190847
478.23780420983644 11.509980069172254
786.8781371045791 783.7518851759274
531.0787215098566 907.3153692402434
973.4607901428311 457.75482046773595
639.9659395471439 487.78416887737075
855.6423566591633 82.97075745949267
650.9705864853833 374.5854161791563
708.6791041599322 425.7459266307734
356.10099788553316 954.0376555305862
987.4766018844018 828.3924634991777
604.0920337753695 67.85256856409482
95.77132992701765 515.7563168283888
241.13981707038212 508.8073196550016
290.5100756974979 203.49417209434407
106.5881888637138 962.6116146240528
694.9679934124829 495.5169728206339
157.20567569299448 643.6804640727893
570.9047712938001 617.6273834494104
548.5749307747168 635.2194862622958
583.065702425449 750.1991706528609
163.24885094796636 862.9741766988396
778.5921683172726 594.8167784185895
642.7109251479519 707.1903564014242
399.41431285307317 838.1136487844768
453.8101995081342 488.7786172895178
447.45601834850044 860.6178712372982
900.223146336492 453.3698191512935
130.49048304876575 379.2347067163433
275.62912649364944 420.8952835239119
930.7421461338429 709.0651619019634
547.6673001711641 968.519894596323
58.83896189008509 983.5803211935794
60.376849401019285 871.2014636349467
482.4763606174101 981.7419367422686
747.7044733518329 536.8459331717529
552.1625574190215 176.47920687304108
261.79644872852793 341.9722355446293
485.6720653011505 241.00275024589303
237.1749368206457 98.99661753299671
618.3426903769843 527.7566461397147
635.5310964516183 367.6913910841541
378.10872904994994 969.3799974501052
745.7508239590106 961.0683082510031
402.1710101606256 441.8696796851704
949.9211419713621 789.8821311630737
76.46226297464543 877.2059601375524
808.4483650940814 140.14516220577067
49.57392535675253 316.0236836979888
366.05207998894997 584.4891861397441
949.5687550824978 650.4812965663565
835.2815407175508 990.9059943394517
615.110831856264 23.300739014793457
975.3340575775873 511.3434680275718
641.602794592542 721.0214250270747
551.3378572542703 7.829438301055869
938.5278087489787 927.8317212242528
232.8943414076985 105.24042450153304
295.9515619338774 890.9119423199984
170.55790661781944 947.5284138970922
666.1474681417407 889.0429268546178
275.0641251031447 778.1633876040078
980.5659237748956 893.3044901924402
916.499674160864 665.7451961098407
842.8765875406406 962.0088889656776
359.24074750706836 52.18327337891093
365.56994006950805 221.58402456496717
753.3689656847844 313.5384735772031
750.6127846344434 750.9420855169886
914.4067539891345 192.56584337678194
953.9098213026951 808.9390719495887
440.59735770066766 787.1935646359533
918.8311255125799 622.8514248012596
940.5868045175563 760.6175042801998
415.8237056685351 390.36599494407676
274.2485126149208 576.3868584473686
483.1323508378901 238.4001442595225
745.5238680782555 855.8014004845709
827.913584935678 629.1385904351104
128.53455360424493 405.1361186936453
317.5337376673444 106.99489520826144
256.85602753951207 66.65463432262497
867.6003687538133 339.77434786822414
660.723437710774 310.06754600072185
616.2837971531914 123.1369552689352
398.0748502567123 400.03798878805554
263.74358751944914 389.5283261388044
792.7187909541187 50.53099070675404
850.9822803031747 291.06685674232693
266.54679007658365 708.2495164378631
54.20695452255053 110.44647565101285
832.5932557498289 995.0946517161227
278.78653557007635 94.73372289544413
101.87897091629627 383.53307875619413
451.15087771042226 304.0088798111411
849.3567324746298 878.9503028809272
427.4854743823909 220.12066745862714
282.9102289809512 339.51311770284684
364.8332386479313 170.3948840633095
164.2408411394244 76.76049440855815
233.22268757528695 586.9572438267863
841.609054367481 549.0870492030423
886.699953693548 744.4009518124616
71.7805454261654 285.47885269368436
756.64943984244 896.8505004281016
232.15948048183333 658.3063740371166
282.5460165721115 670.0425373397334
153.9745705233917 761.6748441168648
653.2893459382118 154.8657107104896
343.51619693901705 445.77776922686144
296.5288577387657 395.8714334533383
800.8055942694346 507.894074054056
823.8955675094717 871.5878648225982
993.710165340878 147.11553104865305
816.8148314736774 123.03954870391954
800.4015524654494 52.58558349677011
920.5819692080834 902.6957439482702
394.18596144711984 913.9764912090634
203.6403457270195 88.14062406157763
112.11934334107832 718.1271772742551
634.5095423499307 133.0790161707247
322.4521305850192 927.2086655543859
830.5688107322802 12.861030148036079
185.83211557270906 521.4803580361596
940.9090951872533 462.5304653980442
991.3257127581237 933.6450027189279
639.7244669219632 802.4707749415442
440.70150679352196 102.00560941440916
727.2217490281604 800.0438443802758
853.0523956627356 226.07333562131294
761.7848120561241 825.186287731075
766.7157562249685 320.96983349075845
480.1382765229986 23.74909827128846
826.5832360056343 335.91391066422074
501.5122634147143 354.43584846709507
162.2755128542912 427.2767232416456
957.3187095927331 113.51602346040035
686.2894296835799 958.1356198985533
239.6068420194032 6.059235736044166
871.1079871162459 933.9517931304277
19.573275670759838 913.2575791356929
600.3964959011467 877.9423333591966
51.660790407330296 252.47258916567384
631.7911259426024 599.9127069575949
49.28606738156549 229.9642664813174
57.41858837762703 918.7604046793004
94.99657564633401 345.82996263083385
903.1687944137151 161.55684220587452
630.8625713828789 226.5005769038726
668.8749171177418 181.0587844431496
64.16939027978263 232.21269072672501
178.93838310541676 708.69676724373
418.9824987476327 315.19499124538174
586.5688523358713 91.53282183513012
265.9154166260395 288.8777394054044
754.6920553335251 849.375190644555
370.43893085367284 9.254658037821661
522.7115524475067 32.18319649544477
114.32724279217143 966.5964836175256
560.6927479154125 58.090573075124
765.3451710034667 439.0360464922147
611.1707994763473 568.8209940848532
97.037494661255 669.1150754045208
923.6664302235697 851.9646406356411
693.4905020062636 490.202799134784
598.1268167355174 548.5303898208374
513.1920647623092 451.7675547105634
370.89154888610074 689.382952852042
931.6261877908973 770.8019680244759
100.41587879119962 585.6200652461728
533.9940991397574 371.2731867344836
839.8673044701105 735.6399653685638
387.4628820287769 864.2900755311855
919.8432874014808 705.5946362277916
386.6001156808664 568.7489173206546
906.8416055465356 890.1197330906638
536.1605806695807 575.5401314549254
651.7468140113498 166.6774037114369
712.1493032593563 417.96863137469865
897.4801751090259 719.5434330559749
525.0926911511355 126.86065258450141
76.09181741819793 728.4155636689572
398.7075018134992 320.90012815477087
992.9581539343285 191.81506885022003
872.6651689214771 511.05846467644966
69.37939795907755 886.899165412002
439.90686056283613 982.5511929504686
694.7551319643972 354.9966327033195
936.9721524735446 458.5759231708627
25.648834086976045 846.1252005781288
620.0626521300887 247.1559695727642
261.4350938587092 355.9437518064847
580.0690847834076 725.7342655696352
24.855431719360112 245.03791079740077
76.54835153110429 827.7330206175907
980.6926344801095 443.13346006398723
703.6451025297657 661.1140670698857
236.90506947915136 909.7764653774929
40.21013742444413 511.04609366196473
389.9462673609885 848.2149206547142
581.8752115990444 257.104236706598
299.6269650921602 150.66173031473295
304.6024982781609 669.9990474104994
808.7606214973688 690.8145692538479
167.2341867160161 143.65068205943655
658.9653127617878 373.45270627438964
224.8255718541514 165.49609751222505
796.3782526601623 301.1270322810055
795.0530340792379 231.23589351326157
109.6717861716 24.404438804022877
296.74592301937287 969.7986647022143
397.64273791129835 604.8227759351092
962.5992917395616 960.120807095296
24.779489881358362 138.65852231558873
617.3819470778541 93.4099030315445
290.59415949359743 464.8040266468453
108.46272930732492 362.88008511976363
12.14012279911536 11.49705487638142
777.2349256299552 647.5185708197051
199.01793897693577 124.33997086304105
568.0272374387415 397.26210660772466
986.3051376606314 761.9920072601104
985.3471680219669 124.03306132265956
183.22889523937326 146.1127375409157
130.8105208411613 256.40490357047264
894.0326676493036 808.5805429232298
477.8686304709511 225.2369800791898
672.3711816919878 491.70511911247416
875.4527503261697 613.4393127724805
581.7009072303163 526.0980511921426
510.91275302392114 825.0977192280825
351.5155814453168 636.0615715498972
208.13521395549105 7.510675919808696
542.9097555851063 603.7998401083285
488.48343542748296 894.2589463722065
266.83558323595093 861.4535610509093
280.2106219975627 828.2499928115083
534.5514171704311 873.9029606443753
26.253854814133447 470.7485849419133
762.1431133141493 125.4804776000118
210.82594927755616 605.7264191934821
299.63183484336196 630.1790863862225
1.9786066970832739 8.43312167742205
110.06560688134648 147.6376225088164
790.3191939672264 562.9114997622743
885.1234489108125 706.1302705718809
893.3205203803104 685.2501385575853
951.1451825197092 608.9821251129189
590.1714057839447 637.6873335320531
293.13129910595325 832.2780948000086
953.8731310868133 503.24953971624933
904.1416702578381 609.4283925860948
655.2950571714925 431.42909926516404
453.6531789169653 42.09803874918527
28.160256769316216 262.475303618381
960.8203833746434 777.2042386219006
204.44005827790568 791.1936985952618
757.2153451804195 146.13012911364808
56.393892874395554 740.7188196330392
528.5059599023963 674.9987659522404
14.498928887202943 982.5455629415854
635.6648723443426 543.7969892911776
569.7717016609257 661.1750357783361
233.6836780210455 397.33345392678456
414.49175011745285 660.0509273579718
929.4002064673261 892.4608621189545
727.095093276974 280.0326183364985
849.9293701391235 503.6877421896397
65.01295293439891 92.4717887785238
29.320702884931272 403.25033231230634
693.4896743849463 676.0295065763646
963.4490343795301 681.9100922905768
948.9204992378683 349.69088905643196
31.776784566131198 783.1886561782901
412.00875606530695 74.00514523781577
239.50987176254336 786.446064136378
249.04908788709156 408.39881359799625
394.80184036717526 93.15444761077485
68.90148072183666 784.4803235300602
403.0433337142869 145.91442637251106
38.72858962267256 383.5745832412472
833.9071500283248 41.2060691454208
803.3267738088134 591.2962683767183
296.7020497540331 284.5628599524338
960.8887993589482 342.7910015445702
445.7208582632981 480.8011997875403
462.29432992579353 669.3440175171739
629.6515254623762 452.1340579179017
321.5319258713185 410.3758743644107
297.75269456880784 133.44253351046598
451.6139210567626 364.41541472333716
280.37789198778773 606.6739222086102
273.3540191109932 118.46050544849174
972.5652599383513 805.2811322914724
983.6341992464309 417.20686449999175
266.79309638248895 744.8126828762865
15.296539104899253 211.94659237420709
804.6333163373173 617.2083950334601
272.5523187433472 463.50718107729216
746.9187469699261 724.0507969837585
183.80934862958108 364.42294891036084
798.1723993124684 17.968203492349065
478.0757212659583 892.6008851304207
663.4296826598182 971.5799533752111
861.6064602767087 512.0629918674011
464.21783941557584 599.8201544043296
448.2170145405152 395.91788815419716
895.3387858868685 724.171480182416
879.6955295263831 762.5345302730293
65.23553516600612 986.2855804939458
562.003563438438 787.9611637968139
30.10404103388076 693.6626079130133
338.46275972197816 85.95316001678133
5.545809101196952 311.5069789845156
222.88286542307145 931.5434578391942
119.43935056479538 302.5721920816368
523.5940541005189 244.91003439065983
355.8412500555682 60.75282596335008
803.6048602468622 849.3643157491825
32.11013308012578 884.3770858374409
642.6139243101417 670.6059618699269
750.0804320103459 291.5984026738504
93.36271499547222 353.95866576158187
266.99492494766554 492.9804014703689
57.823251338956936 242.1224301977819
143.0379879717556 505.3142172061764
547.9730183530185 778.048303468468
339.6946132179781 215.90299281075565
941.4173263304729 175.86117284190726
166.79287706599578 687.9933256614007
893.8767836239232 637.3274041120892
105.97002228863784 135.72915153544184
528.5653044628044 482.183554889442
74.43589700315512 290.94839865335973
886.7426637721437 307.7134309165237
635.2894894773142 334.33819957228286
394.232193893023 696.2807015443681
509.27761699681105 169.9103215108574
275.45323412087987 49.09446879285384
497.7675617496027 584.452665142423
429.52490782463894 840.3060411746435
587.8380291606321 752.5591814950124
272.25600674385066 957.604642326674
577.7759942762757 623.0349257978967
443.3435091501569 823.8011935236466
34.899294634399006 953.9190355136326
79.86012904878659 678.4583568100464
777.5083991326957 151.06302834566654
565.1187808459224 739.4465695594606
358.90260678928377 609.1477512316641
276.26022941855166 961.3750584796269
223.7797769691281 954.2172188383738
874.4174974403588 761.1679786550136
305.970629721189 443.2530393881153
108.06851887273406 390.6254836910715
841.3421086013411 789.0083917118108
933.1967020961692 601.6303488022802
80.83664614069575 847.266022372567
993.1363508448002 871.7307281129974
405.99733620777977 928.8796261709391
146.4880591537956 736.1500418180761
72.96167170274492 980.4037027408307
783.2468323253884 706.8455154525423
440.7890228414074 514.8121753666611
127.29371333658068 850.0567574859443
76.12081144563298 967.751192435126
587.6591743767758 340.85663171734524
568.5536995675402 104.9670988169047
491.4747031131834 216.5364266352736
239.74021223999532 212.9955357749166
208.28656153361135 110.22810569167085
184.1135093107301 67.89367264623259
758.4135158798867 961.9863776747948
240.2655367400669 95.7416964111335
487.2885335687503 576.6240345762736
559.3912088760871 713.8361927806313
283.23155678686305 425.91378170082385
410.84364801402495 572.9426381674715
117.85907054341837 277.3407025249487
744.7285645333916 308.66983628511224
396.3432604320728 72.40913008397231
817.5983632904743 453.9742413248424
718.9918738094393 974.5788984779482
879.689895533381 364.997546158067
176.12769920324345 660.2252504657963
520.7818393380111 368.88647018260923
225.00380291475608 735.5878053537266
776.6315252730805 854.9383738020133
530.4993504363803 628.4938460371021
509.0825447724741 699.3622263566804
890.597968530561 425.7117916822879
890.3187082150475 239.13946055151015
513.1587346102273 905.110473811313
45.37138925939832 991.9147895580277
462.2475680111334 446.3712467736003
36.87117225701064 456.5419807191671
50.30475810847956 594.8189260350736
412.1669127522186 622.8553771692533
316.68188174831414 800.0087830537699
475.31834546786945 269.43295186904805
503.5896143301994 254.0270107836815
295.10111218431433 734.5619553307697
617.2553306672015 814.0319541130195
215.04599548240654 608.3139425835495
745.0975029855305 709.3842115957864
292.6669354153172 712.5805720838956
788.9813483011247 105.78383444990769
662.4149853922294 811.11780112209
670.1287291623191 627.152916721139
290.52875907945065 723.0904123376582
863.0119156384134 620.5727510168628
969.8337626665798 901.3049642289141
323.5701365269339 290.40437583866697
688.6771260054812 80.26400166879755
491.34417690289445 824.7922219788254
700.5656500189839 299.3701342122207
65.63320527689132 291.07053092627376
719.7090067019897 463.05343834679513
682.5353048355996 386.1625939557513
672.552264180732 612.2911890257243
452.7409852754187 93.88322931692794
346.5146445107008 250.93447547419757
559.207026189035 923.1253810067001
94.53442206980678 395.45095701266507
759.3454706570427 679.23160054399
477.65267360467635 498.139056962574
688.1208642427854 655.421893483814
357.75139092967333 31.563534778860426
316.4561020465966 721.9695296934351
488.69412984985473 315.90810688263457
783.6054568977428 37.88692904591151
96.50029641196167 121.13617473558979
92.66111443944314 13.203643787472853
287.81721507009496 682.2954217780119
835.1171487187615 709.4892555210301
380.83640361642745 28.99818981090263
193.42282666723875 82.09390037941355
413.9337402080123 949.0541898097478
959.715178230127 339.64985907332124
154.6959584023502 481.42777521027267
204.42795719768668 224.69744075344155
905.6284448200915 565.1372023878241
530.2326513830595 203.86929248286023
282.722490249269 358.40850019899386
554.7745017768577 396.88708910398907
929.192662290748 786.342215101559
379.92451074093225 570.6952087524811
819.0780479143788 75.54621332504607
325.7762651131081 678.3760020039792
404.03350585208 390.63338204417073
134.37396697290603 232.06180973097236
361.5205448359691 200.17798739495885
181.16632134085265 264.8793354465677
113.73959030856828 668.6703619043643
971.4382371232102 759.031706370876
604.0284843645504 196.2041381940428
344.4805327161252 195.444545528364
41.08506805049173 209.0762061847591
360.01528721477285 314.9722406851915
451.25420451815137 442.17465269087296
799.4026620525051 271.98119750934035
915.2525695722234 247.97506912646406
578.412505610813 108.19686287877495
308.0871880149083 917.1612767842324
138.85208168947128 878.0219216691522
209.55689413440015 602.3314829989746
63.0988333297483 816.103248640286
407.6081972998241 198.94650147485348
738.5953984349271 653.7454130468192
77.95022705064514 456.62185835508296
888.621195780641 562.8391896547269
290.71602618797743 669.0606751684206
181.163272945438 234.2931060329091
968.590498269838 522.3700199652036
929.4669185767283 282.52762194746197
800.7077694020875 69.19845864043094
105.85370083186041 508.4102346366617
902.7539493072553 340.07751998719215
504.65327736806796 550.0818325703428
206.09390243781854 803.546066436217
910.6028178870694 104.44317016751359
657.3731432159658 743.0804422285096
555.8250373363951 211.64247001114543
314.9295722236286 631.5502802687246
981.504891604232 60.72375460404156
339.4816709163181 752.8634912108776
659.6417953948945 396.6672125724334
693.943189842869 645.6606111321282
375.7622559085313 887.3722159159814
90.84703444406317 425.3631022460161
425.2361371981802 743.7045934411817
355.74368853203765 678.5759756734863
